294178 348804 850055 1031838 309929 936396 222088 788439 1007729 872837 1229430 649411 635185 535926 911887 861836 1110620 1114379 1156731 787428 92648 615006 955924 809768 437164 358604 523269 840805 200922 74128 679210 264411
288526 330476 796699 1032146 325323 18731 276253 788137 539262 751548 979096 649459 185556 185426 1237464 882175 1110456 794202 1073740 787628 1237198 794637 566351 1030704 439054 358228 940606 950590 541784 77297 872533 274988
691669 294178 1038012 1031885 324683 561076 245122 820483 665543 579595 775791 566478 195405 448391 908280 1127186 1111396 899950 538417 658220 535562 823083 286575 1030333 284069 439727 998209 962894 1060167 59679 809331 209306
295670 319323 796787 1031485 314234 916529 223805 1069144 1016582 652018 1007729 649423 19239 24467 646211 735111 730619 608417 18786 1030292 536078 340434 290982 783343 439727 377767 739288 1052860 714900 53893 1081223 208738
294590 329864 796999 1031671 313570 1238149 282247 234178 1101641 532396 1153536 872329 19465 183601 1073682 682338 1111143 735789 1036810 532199 425586 280456 940210 602720 220763 357237 970815 1082213 662268 72209 1112382 170434
225462 259153 677343 1032710 310764 937444 226634 837245 666367 891885 1237464 660410 1043771 180136 1082158 525746 730804 418200 1008550 787039 536209 196431 269575 787690 377767 443998 1096712 553078 713034 83013 708075 213546
286404 283810 874401 1032385 248940 16119 291082 918722 777696 565619 341549 552595 170794 186273 1153585 854157 731502 651154 1072979 787571 518041 1210148 565349 1030758 348147 285642 941099 848497 593534 59646 991337 174614
916860 318325 1002863 682576 239360 561143 326539 1068781 787664 691455 564590 994959 185366 1237214 1238675 884193 731692 1172960 919854 911887 662479 536063 781517 975799 506479 496561 805059 1077922 841089 40150 708320 304585
239738 331727 796745 780100 313848 622986 253833 206262 555102 872274 1148863 831266 118537 167005 593076 1127167 1111162 542032 919394 1056466 716969 1205157 926326 770856 227572 241872 866408 1152234 901142 58273 913549 185160
691284 318223 873711 1008325 276808 875790 205617 590806 607006 843657 971822 908671 18381 185662 912114 747319 731204 417706 919437 787766 832363 950779 670638 648721 263629 171149 550835 756615 963428 52319 551893 937305
286500 345284 874433 1032361 249466 1080784 237038 629774 736874 953008 1258147 516301 177995 186138 1152628 713407 731320 564097 23252 936396 535239 994491 821048 1030577 445543 135707 879382 611307 963209 57871 956272 754589
296325 259809 796295 1031926 311086 844105 326093 1113132 761391 917434 734647 1040833 183667 26479 1031397 1127364 730869 1178999 1127167 936595 704341 1197546 904630 936802 131024 440472 1114379 1028558 976928 73921 810245 268039
690578 237624 796751 1032264 310063 874852 273810 225768 1193921 1000327 1237923 418996 19295 176254 735321 896106 730688 1045990 128720 1048185 1241401 536358 242447 1177751 502018 441415 549781 1172765 595543 74443 923396 307172
429681 197986 796801 1032203 310191 18223 314688 884303 958261 1162061 775878 648485 183884 182558 916670 1142985 730846 797842 119778 1030357 702518 1012129 565967 786858 377114 301942 849003 944194 433379 39712 904118 169928
294113 331074 874423 1031846 310850 875800 342726 791996 219145 481337 775708 894945 129223 445956 1031152 1127548 1111480 807328 578666 1187793 252395 597051 242168 1177446 646 380062 866958 626963 704341 70804 757493 304409
182701 259930 874747 1032031 311716 876053 262620 837882 607022 602017 775320 649452 259930 182622 872533 1149149 316382 613063 9297 1020151 654978 626833 919578 111315 352778 377775 962282 792149 1108393 53087 1053369 275516
290026 345905 873784 525666 311820 917185 204981 1068459 632547 872813 672504 624723 128783 184835 690603 885126 730810 807575 103930 787329 1036623 897322 1114234 936396 128618 437874 866538 1174768 677832 72121 823158 678256
690848 345266 874732 620189 210299 916990 282091 1068958 1007858 522026 530179 957304 107112 181386 1237257 102172 730526 594988 105613 945285 492757 801083 841472 910647 440398 941070 935588 954138 580232 52735 389178 516264
289935 344783 758302 1032316 314208 937419 245371 1068453 736290 997389 973118 648839 111825 184227 1131744 815641 1111297 793439 119172 787034 662486 370531 442639 1030845 221969 782667 940471 564555 8710 57440 990727 337543
295761 344587 681637 682352 311811 875838 315520 1077332 506279 991537 1007324 565501 128606 181019 1152109 526080 23099 777683 182033 917298 413073 729033 818894 1048469 1153585 496539 1107426 615006 703667 60904 1151814 338195
300983 349532 874644 760712 324689 561964 262438 552842 731940 895567 971948 1113498 1043034 567429 734440 525922 730911 418192 656457 1031376 506973 877751 820506 1149798 501901 285908 998182 288421 1018870 41560 626906 277894
294386 259473 795890 1032528 314429 182297 273512 1160947 1257186 1088464 1153525 970974 182498 118475 917105 525770 969300 418210 842118 786936 874196 1133264 940182 779910 119830 249443 941168 438128 694479 82969 1030751 762405
294136 260284 874174 1031682 311435 787087 309540 207826 719302 873027 1083864 522446 178086 182109 912894 678547 731304 778558 19014 877059 1155177 609049 535038 1030813 353480 349211 839793 1055085 886003 77184 626692 183808
295503 259440 796082 1059026 313457 843197 226390 1068355 1187916 1150532 795506 742863 23501 1237147 990340 570341 731749 867151 170226 735406 520909 402157 1114565 1207272 138013 307198 739227 984615 984620 74318 1150193 1130180
1031171 330798 874175 1032662 249611 937363 314798 671814 1189744 531809 530854 895080 111080 1237464 1153455 524936 1029254 311447 118680 937363 520280 700439 587661 1076761 440472 308789 522500 983950 158369 71871 566025 208623
353841 259201 653332 681605 311206 561684 237689 587222 785687 690870 1048870 648956 183690 24440 831286 1127126 731441 735550 549730 699908 879324 679170 634050 456368 439715 348147 940500 1259065 405522 78643 626285 225108
300743 284449 796252 682409 230956 794676 301929 527731 516439 917707 1237162 839158 342339 9371 1031145 592170 1110839 1145216 550258 544059 320003 912615 204205 1030602 352824 378408 919085 580264 245445 72032 990781 889463
295735 330793 677590 1058117 276947 561654 214736 790502 502685 646579 908301 648926 184735 109992 735245 1142175 1111119 541828 919293 936841 735127 822543 672516 1140340 376188 266883 615970 601788 306791 39075 872688 183608
295743 254658 1054678 746473 313590 562004 211137 225836 665588 872452 735101 1041867 19385 347548 912165 860325 1109078 863856 1047688 966352 327120 775170 121889 670832 437874 263629 720273 907273 668616 72516 880234 225080
134823 292877 796022 686995 313907 916755 278245 587789 736302 958896 362167 860038 18721 395169 1131071 1142273 1107478 1178565 332456 657977 735072 716229 572047 786984 615 444497 731120 512239 672446 60775 915443 790769
349789 357365 874443 1032443 249158 936508 335972 552526 1126838 559863 1008108 884303 109191 180707 917241 815447 730792 704070 841777 1056384 685756 887787 898782 92809 376663 302197 962171 532093 964378 61021 529819 215032
315899 260267 707059 1031911 213907 1077146 297533 609194 899122 916657 942819 793035 189566 180924 1161629 1148613 1110666 418269 1062262 1161496 1131066 33472 1197601 1130180 506448 1106674 712712 716946 1076919 57857 990597 213692
294405 260286 874095 615454 275949 936995 288848 1069058 761766 561794 514258 649530 18870 27044 1152880 932223 1029998 416254 791916 809672 955322 705862 786281 809874 228684 131024 522559 812060 847794 72181 595391 225061
300796 260275 873649 1058205 229683 566038 226401 788883 736427 651124 855838 1021185 1088391 186012 737773 560859 730667 290982 631326 753796 991386 806023 990158 1150320 91045 258704 731085 914747 553220 39078 992011 337117
357959 330421 758185 1031557 276144 787106 326168 893724 721228 873244 776215 1040098 192198 181427 916981 547244 730785 206668 919101 787533 180433 1144218 167074 697835 184153 285589 805451 929328 91291 507256 1239545 208580
300746 284267 873528 585282 313559 875242 290982 1069433 664084 1012182 1079647 783734 1060167 450241 1150982 656762 763867 889754 922264 903443 184884 1172713 535144 547097 447259 318677 970588 1069353 1103544 41777 903673 307672
286815 259235 874745 1031832 281691 916843 290309 1068773 606350 924678 736609 1087705 18987 185795 735111 1127116 1111201 535636 729345 1080812 967085 981870 940795 1031246 184889 444995 523021 877420 852690 83336 945265 304756
324488 330064 677856 682202 325110 564974 205000 792730 1035527 945197 943869 1131520 110937 440398 1150307 853607 1111289 793959 23099 786858 1182970 678507 285794 9297 443510 782237 866120 1174309 1002003 60330 525554 272383
294807 357597 873867 682336 201395 876008 287421 1078987 570652 713168 735582 242450 184619 185801 1242084 1127220 730617 536130 522569 786696 1153536 1068583 541033 272940 570 443365 842426 1156540 556793 77072 923042 898096
303769 247895 874061 682180 314203 13859 262522 564179 860036 873151 1241738 830565 177357 448291 533335 909048 279738 1179031 919969 787772 525031 914942 440472 1031145 349854 227572 736289 846686 552046 41747 990680 213650
434965 260415 795818 957577 310848 18686 253472 701407 690014 872525 943941 649505 110473 183690 990597 814757 848067 418518 729316 1030349 550341 69268 440398 1030877 252158 434727 839232 994583 1257083 53921 548264 208846
239340 320546 874615 1058138 310945 1244965 317822 1068193 1237346 968451 1083703 991700 929529 185361 1152787 1127799 731120 931626 18871 937419 1008380 1024962 873277 681240 445128 486382 782708 767460 1257546 71583 626666 171152
565120 260300 797001 1032356 266622 561746 253314 505679 884449 1000373 1237812 929303 183574 445926 1051220 525788 730775 988969 853219 787318 780283 871400 1032718 1087455 232008 441082 839565 972219 964173 60442 923529 266135
690966 356842 873751 1031849 311180 565813 226818 1113251 1007920 873174 1237788 929680 183400 185678 646749 1127500 731721 1041065 23190 1210427 649663 1235491 1252269 579595 440769 205108 713520 1111239 602031 71571 809959 214377
423409 330909 873735 1032204 316992 876037 204213 514384 666385 957137 1238022 1131755 23327 439727 794947 525969 731424 770367 479132 1104825 962591 894522 866980 1150522 506310 443890 1047632 673025 947349 60345 815219 271151
916974 330525 874556 236702 310444 1065636 224574 792668 666082 713484 717916 563291 18239 26674 1153002 854292 730520 807899 1119553 936508 265115 1012300 221935 787824 393976 381385 866704 512481 746101 52508 626598 208055
295919 336370 874666 525382 314027 917009 205526 837273 1016539 988784 908116 787159 14198 185849 755359 679075 731600 525379 903312 937462 1001512 760123 1130841 1031334 1076 297203 280406 1024962 984515 72202 1150684 277926
294249 355087 675636 681193 278360 875961 453711 984586 735910 916867 775657 516687 1042858 180168 735447 1041758 941194 741738 841992 1030621 1099333 1216733 992770 603297 266883 283077 943906 512689 1141588 71870 903580 502313
565871 330414 1038764 1143026 325253 917116 315072 1113314 739408 873084 756710 419745 104274 1237510 944741 1127465 730720 848352 919989 1076210 629837 1167552 1196761 103884 255012 481876 739512 1116888 542121 555621 567296 1013172
691715 330755 873470 1031461 324822 916862 205766 609598 1127211 1012971 737315 991352 189702 444597 566702 848804 731397 215348 117887 770436 881013 270178 309021 117380 496437 269575 570505 221775 620466 82837 1111873 555881
286390 328738 937329 846646 314122 18410 435123 792477 499941 561748 1117958 648978 106140 185366 1131547 861057 731314 968213 117960 908116 1077328 704912 478300 1129582 444423 497372 1047672 848868 1086002 52448 913837 307147
691232 198737 796501 1031845 313332 875780 326754 792882 721616 1153529 766876 1131757 184638 181826 1131311 1142314 731333 201829 330157 787690 1241669 632173 263523 728744 439223 439223 920236 565477 542142 59951 911499 209781
446225 262727 874076 1032261 325893 953310 434554 207051 853293 1000300 914826 929370 177992 185629 1152835 815338 731223 988909 792457 536979 329662 1179657 731266 287736 455257 445082 739284 797663 974621 53839 1061054 766535
347525 356771 1140970 682286 314419 875159 434791 824656 1257609 1185249 973093 1131436 111248 26945 565120 776081 730834 213242 955814 940050 192140 1112347 1074450 647009 358233 446886 731187 615950 274164 57374 810258 176157
295181 283988 874276 362402 276589 119997 324458 1113551 905935 651954 1084613 991263 19237 176224 946991 997264 730565 241101 1019453 786998 266622 151926 635185 185276 660 378204 739165 665679 1083496 72133 811708 580294
305889 260375 1130763 1059033 281255 16600 264770 1160744 689366 565306 635257 1031355 181860 181253 649452 815255 730753 1042482 730740 1133791 968167 1036238 1015679 787166 998509 353252 969910 1111136 541852 123546 976072 305196
320078 330564 874062 608945 314189 875237 328155 837453 853404 502870 741734 831341 185856 128763 912377 997195 730561 1048415 656947 1030577 967162 863924 1161989 1084322 496561 440781 940915 1022053 1248741 40784 810668 304731
286938 320086 864124 1058346 266713 875646 303432 1136670 1114647 1031147 776014 1154107 22694 178148 1030323 859789 1111492 646579 10989 547097 805886 212251 565555 183742 998733 131976 860105 418645 780453 83697 990442 1013220
259512 330654 796338 682654 249028 183606 434841 1031556 736946 736774 943793 419480 110908 182083 912468 997036 731724 876271 522441 1077146 550019 1055779 314062 21210 389555 941290 533399 1172776 908834 59810 665926 277516
296260 198808 1038978 682628 248860 917277 209858 1027451 978489 1031030 981201 894211 423608 180093 810134 1115156 1110608 923259 606630 787286 1091426 769169 553010 29193 1153576 380347 560684 446189 672677 60665 1095387 1154897
282251 260187 874101 682383 252608 917597 275464 1068346 1119170 1100210 776180 1131763 111507 449511 1153193 746578 867229 780193 937361 1030863 535307 938022 1026839 911618 505465 465970 713558 247249 931824 60123 707689 323596
222478 284382 1038731 651375 325885 562123 221255 1136289 786022 640881 699452 957245 18799 180388 923847 785564 1111260 1139110 110118 787237 988849 307453 229429 609799 205526 347435 738599 941301 1122086 82841 547853 316125
286137 345050 652952 682303 314030 18398 270646 1135613 662516 916754 776113 1151809 129287 441082 734528 472269 731513 265380 439924 519501 1111012 783301 963897 795025 506574 285512 760769 655733 623017 83667 1140959 1012117
365705 240609 873807 1031606 275499 874921 253035 698207 860014 872421 737289 735321 189814 187787 604595 1126226 936031 844023 246928 1031031 216676 1261975 944367 966340 376558 131333 920054 1159812 664649 57552 1038599 167334
324436 259979 874180 624309 282431 874819 215733 1074543 1143 1099356 756604 731345 922726 186375 1241669 1127163 730521 803897 103564 678479 633110 988042 979734 337420 175139 451646 739338 1078116 3658 49864 846596 175720
347461 332758 874630 685509 281259 561736 435561 792969 1036538 917009 734735 1027093 177374 109519 735472 530257 730528 808056 672589 1030547 1106026 686665 1131797 128313 455545 219285 736473 1035770 694691 54317 678778 315108
691792 198692 873985 681426 313662 19385 218350 792923 443483 956695 849422 649641 24240 183526 734880 1127089 731580 286295 842754 1018666 968247 782803 564908 170597 448391 269230 739075 512777 860319 506047 1214842 297200
296062 663716 796307 687329 314052 953242 225392 1077377 798202 1019540 543021 234979 1077146 186177 912934 1237214 11642 989736 841001 586907 879896 1161504 534559 1133252 326848 352832 879066 153014 774137 72003 697246 1141216
295548 330449 874684 1032450 248985 565806 434699 792748 853607 651267 673900 786726 176658 445625 1153182 853248 1029185 593892 605832 1075938 574181 909249 566038 794413 388535 444502 782580 617143 1256766 83200 1037367 307233
286133 379235 796090 687097 311338 854452 212744 598413 785885 712839 748942 513618 740693 180425 929540 1142717 1014848 278429 657259 1030807 735532 1144391 932520 605022 440257 308721 940910 852810 1112763 78309 990938 317842
345217 196509 795948 1105507 304392 787603 261989 1113509 303456 1093437 530947 894789 189660 183769 1030365 815550 764708 197415 544754 1030406 455856 516465 840050 1164655 297511 319742 969820 848743 259614 52176 1030454 309057
349891 357636 795788 681179 310846 107042 300877 672501 937477 917147 954579 532557 111984 1237232 1130888 1127933 1110575 205474 605104 678955 662335 1231568 917226 1031397 674138 249290 522561 1068744 324399 71847 1180573 170783
367814 238568 796271 1031604 325749 635185 230190 660612 671013 944999 775754 804941 181386 180589 1152227 570847 730756 413140 108721 815712 761546 871712 209716 582988 209011 252158 940276 812234 636577 73979 1008685 308319
354166 355212 874414 682854 249252 562290 218406 1030213 1120569 560083 775560 522674 18042 1237710 810834 122800 518675 875798 1006027 707912 975129 551686 535149 170437 628 435201 1108891 541921 824143 59977 1102495 271004
250853 318005 1153670 1032402 313797 917636 227115 1069385 961846 604269 961373 837885 108566 180395 1069853 1114231 255903 983025 694755 937442 735360 874138 818773 941784 216742 378081 712764 898194 527234 71834 242570 306773
365274 328583 787087 940431 229878 874961 309899 788714 797662 1161184 1007026 830916 105418 18180 1152988 735245 524099 417976 804545 991537 324126 643790 1257087 178151 349211 299038 840105 538417 606482 74547 790050 213629
286632 356869 874031 572216 313335 1106121 237268 889012 659282 857770 1084531 1136318 190232 9250 990526 773884 866552 272466 523372 1117156 54898 1031588 216189 942304 453313 471858 522670 1018138 1273454 74388 565816 209139
349532 320440 699531 682663 309973 1084441 225264 513825 581063 1030204 1152628 593076 22221 290817 1030376 1126848 1110500 808152 583685 786961 418381 551580 572023 1030346 1119170 290982 866975 767576 937212 77240 584712 305038
295516 345217 873484 956122 309761 787673 435340 1068359 1016790 1000028 744471 1113456 19588 181788 787533 615565 731567 808553 1120890 1031094 967225 1134089 1008518 872223 435007 782467 940364 925574 711160 76995 956193 272030
347693 456637 796949 651062 229605 916542 235587 507624 679682 651605 1109773 788471 802326 182498 1131066 1127972 721258 953001 840338 657791 662469 868455 565225 1150532 182692 452616 940254 736958 848605 71799 955610 279404
259930 259893 874202 867916 281382 561482 218293 1135795 534443 121989 740984 1152151 184998 183619 783343 815883 1111209 807762 118001 898770 1155161 201405 571740 1031152 502188 251562 842777 531628 984098 76746 1183279 279565
204507 356554 1038439 585024 231395 874882 225180 610015 1053076 1119283 980330 1151354 191747 184033 1131414 996646 731399 417602 656701 1030751 735683 1233009 51752 232413 379192 782607 730640 578709 772600 76723 1161643 175446
222227 238395 1038310 924579 249445 711553 311465 1069421 1019540 1000470 973238 523076 1043124 16403 735616 1127479 730563 417588 599331 698296 918289 527821 963574 1031375 226390 577678 936652 1157117 622072 72187 1242034 387920
260295 356923 777252 1032345 314558 90928 281158 793072 1256967 1087455 574504 945024 22128 174037 799014 567596 653397 635456 1047197 812410 574496 293550 566063 109296 169670 903033 804595 720863 706771 54940 873370 307866
296386 283728 796366 1058352 309421 160670 226251 1104942 215622 816541 749475 919650 185182 24337 1152346 1142431 864410 323594 1014623 647544 517636 143992 821035 186144 1034 211839 941030 611218 1072455 78782 584460 208987
286024 319783 934831 526036 314170 918790 343110 260860 689934 690612 1237560 234483 16587 185543 912283 1142139 316992 1120608 903191 756740 589747 570054 842306 567170 502229 441485 713462 239997 581094 83548 923011 323398
430151 378854 602626 1080901 281402 875814 307927 587196 658958 953673 848878 742485 181777 593869 646767 843216 731508 278768 601295 787426 53148 387061 900573 185827 1210 782196 811982 1113867 884435 53304 646571 296640
435551 355382 796123 682728 311803 566491 237073 661030 607462 917372 724770 694912 1043429 566363 548761 1114828 919209 290609 118780 1003659 185161 208335 343248 491271 615675 285103 1060043 234383 502281 410150 682184 209321
216681 198135 1150303 691160 199761 561099 341512 792234 665757 999407 605173 1190318 118219 128158 923550 1114352 866140 989324 940765 1030258 536143 760522 566036 787039 231758 377533 601577 941700 341947 74986 872773 213362
691056 355967 602720 687978 309507 786959 317988 694517 736435 1237645 1058580 630098 363438 186327 657791 734528 1106606 1166148 1107594 936787 1075771 1217094 839119 103930 271446 998766 1014301 724194 201870 86653 808895 261878
343459 345005 676101 682555 276371 769801 226783 742799 771231 916918 1159066 206955 18873 181251 834220 570553 731285 783343 885878 1056091 687962 917469 1129571 111462 352709 290540 739011 759830 207421 53178 815484 304974
222691 376369 796934 361754 229778 875311 227454 820023 1007131 917473 1098143 1033692 111848 1241401 787318 910709 731459 417609 516104 658517 1181950 834518 818751 185284 502881 135388 1106691 849300 820945 410721 790499 878550
350384 259580 874028 1032535 314009 18987 206347 502630 1007323 1237846 1117105 940417 186548 18731 1153027 678647 1110242 264681 732179 787719 536216 615144 566102 305415 358228 782311 522839 523353 1019475 60829 707734 305813
690839 301469 677697 879539 278233 119603 283512 1079065 736118 917431 946936 893656 21865 566878 591185 853094 225673 418486 522290 940057 264064 363546 523076 1030494 441868 290863 736718 1011451 1230294 76881 789260 308873
302756 284564 796535 1058107 230178 1048238 225596 884302 781695 1000136 794947 884003 105683 26366 1239297 1114676 979235 542371 1137708 787569 660391 681226 970160 172261 134885 379932 601497 714308 669834 60243 872278 185201
350544 345862 812107 1058549 335524 875172 320354 894887 1035972 619711 713727 782311 847484 181777 707609 1127261 731261 865842 746090 543957 1043208 152020 534812 543910 376192 1114234 1114570 963945 1150313 41750 982641 213374
294015 283634 676858 1032080 215321 895289 278850 894076 513963 651279 869793 894433 29227 183574 649184 1114964 797127 305170 943228 1031145 195669 783451 730729 604065 318677 522472 842196 196265 1042918 34256 682466 1012736
741304 345817 677454 1008883 277192 561665 269752 1068329 500008 999360 1137061 830665 110969 182382 916916 525327 1110424 364187 584227 1046416 776094 114809 565306 110200 301650 1032408 523489 1210447 862694 83802 671348 266562
334605 238677 1038928 682338 282238 565958 273795 853922 736863 917011 1083497 894515 183793 182564 1149837 815636 866856 832938 11661 787362 853919 784362 1140783 110118 377775 286056 940345 769169 772927 75039 990191 185076
216404 203594 795800 1031936 281190 1161937 325967 1077438 671504 916920 672382 788118 176855 184300 991005 1238077 730487 45391 748166 787736 802261 1219799 134884 185728 446474 444742 517268 1106365 1096077 383837 913727 304339
366186 248641 874480 687631 313029 562227 214868 1101615 736631 1066917 775987 842306 118203 181656 787690 953673 730908 207736 481616 1003130 734808 1189198 970704 434965 348726 135543 731607 434611 995935 506982 755642 304286
274187 357310 1125394 687352 311383 945281 275129 587964 732168 928179 971044 289547 16992 184269 646244 1126858 647886 989475 182245 936494 756604 799403 449619 894343 437905 302219 261611 1025512 394020 60753 966293 209393
917587 344973 758310 823307 314937 91291 222116 942587 601393 953028 1153057 912468 182797 117929 897849 815049 275184 967037 998448 1076673 1192986 1206015 185558 786936 184250 847866 522415 709214 108975 410049 969109 206649
291156 329566 873814 23509 309983 544923 256492 1112815 606925 843790 943907 780336 1030863 171540 1030357 860088 847261 823467 853185 911722 682421 1126597 940423 1141342 181564 477923 839355 700864 1084598 507718 548059 296874
303312 310843 796429 1058753 211802 561713 314970 1001004 908153 1066822 738391 1148234 1066624 13859 1131909 815140 753097 697153 1104582 835308 221978 362103 244206 593681 185096 379192 299950 616262 572209 82824 830947 1058678
10923 337391 649506 623635 314499 1083600 217791 1072631 736856 712830 1118836 742090 128591 183988 1030863 848977 731648 272446 599711 542256 968119 157028 560050 834512 434920 440769 560752 601471 218686 54986 707440 174962
238296 241129 1239327 1058204 313315 184048 214834 778639 854120 999876 775653 649123 23090 185506 923032 853830 1109047 953120 1071558 786984 566538 527663 350820 178662 447362 1096322 774243 264489 555264 398002 533877 175818
294557 242551 677914 825173 311146 605022 274910 993555 797407 1067685 948277 624959 18308 181495 646021 566512 730992 417758 513427 1154704 963141 1053146 560795 937575 225468 447519 774287 778019 1120013 41469 823678 214206
349251 357224 787288 1058747 278464 16776 262402 512709 648425 257320 943954 528389 13019 181878 1161496 1127266 720273 764339 183127 572312 942388 535513 564974 249822 440451 286064 839805 1164685 993829 72116 974889 304885
240307 231423 652551 623794 327063 917431 308468 513391 878066 1083315 1059521 563054 285638 181236 1153536 786580 1110600 416629 801030 1177838 995511 309127 565598 1030712 507 372026 656293 738747 198283 72336 748023 329474
917685 228979 873886 1031576 313414 16126 307169 513963 698899 1161944 1083839 945251 18639 184848 648653 945708 1029744 622981 170814 1102414 964973 970991 945066 190067 716 221969 1032169 1199073 883981 507433 846620 307356
424203 291019 874015 1031958 218664 1237161 262726 894471 533165 873421 518986 831080 179263 1237968 1030562 1127612 731315 644648 842561 735431 132046 899144 810134 1099356 258075 325429 970250 545369 192833 40833 968461 307706
287464 345377 874233 682089 230522 876012 274313 1079335 507347 1161562 1176976 789048 13066 185816 786961 1058018 867108 604721 529993 544137 1036011 273430 442098 769692 524 440643 731648 512575 238665 39070 1150517 221013
295533 222243 873879 679278 310853 19309 205241 543712 1257403 917631 658325 1207213 22784 182051 838918 885262 713463 418143 903102 1030921 1035707 229361 841690 251127 350472 63733 522505 1025599 1019046 77647 565097 122396
449742 238379 796236 1039159 310422 911174 315743 1035915 513262 990273 1143 839909 184020 536474 1237469 1127222 764722 989485 904136 525489 549123 1111741 302253 609163 906 445081 940640 575162 941921 978782 647557 294213
272122 357235 796945 1031518 324798 16322 270571 1256636 739235 1095248 1237387 321970 112464 1238262 1030538 682732 664480 412345 906912 957805 646115 641957 565716 1030357 437438 940896 777371 582211 1019108 83546 516022 171739
223510 259572 1038600 779896 249046 18420 253538 556396 543839 1237137 1047879 788216 112649 181194 1229855 1194389 866266 732682 1013614 937267 266957 909985 1083969 110909 182393 903231 1080800 1186789 533877 60882 585475 209403
134850 319832 796150 682745 253708 1149851 206163 208299 394326 967803 948268 1152142 199635 735343 945044 682749 866171 1178944 549992 675916 535915 558808 839610 648920 439171 377395 805379 704504 1032343 52744 566008 208532
591032 356570 874080 425919 255291 1170223 315212 235325 860271 919686 937422 589677 1119528 441868 1112702 1127810 774176 210942 736930 787408 735387 1216188 602221 1150684 920003 690632 940415 597745 526237 40026 626175 317758
285159 330554 874249 681943 258683 1066002 204257 889882 731988 560041 624298 930149 184507 735111 956329 815244 731419 989793 999169 700597 1042645 967419 477674 957276 353058 440257 867068 880679 1257080 69860 1230033 309136
287222 330301 795962 798166 324825 875893 274933 856526 1127167 803397 735332 908701 120013 18428 1082913 1048759 1109657 833783 109080 657618 1103113 515626 819858 787533 502945 602254 969763 590277 771591 57451 626350 166095
690934 293034 850025 947134 261320 875798 261817 788544 1138462 601618 711870 1040431 111864 1241323 880925 1237464 998778 607951 1006799 1030549 161124 1008808 699720 174247 167467 286839 943411 506028 287544 40810 671585 217487
357889 328794 1038051 681778 325642 1142326 253744 549442 727432 1067527 1155193 1152238 111658 181295 787628 1114113 731766 1048511 719661 868641 1058346 528091 440638 1204626 483118 531259 970611 583419 262158 77351 1030224 307862
358735 345089 1048185 921915 205308 875626 273529 788163 878180 843322 1114713 894623 183803 12604 1238022 734295 664852 807707 998648 1177737 801675 934953 1257248 649452 998615 782230 1114871 67023 721052 77151 698130 183021
295278 345068 796084 1059820 271329 561075 286950 659366 1008197 810256 734880 830363 183740 166743 809874 840648 1114379 844105 545369 1154907 1237886 652095 866730 170102 175333 782270 940291 609462 268315 388557 1233340 209031
273323 356683 796695 799475 313433 640991 218773 717280 570937 639851 1131414 840164 116434 180430 1152333 1126749 731557 1095412 119112 658253 314736 1077763 1139921 787766 443789 170437 441082 1086000 296348 406766 956263 213430
286811 283658 1038220 972916 209300 622981 225821 820425 309581 857225 513148 82361 182242 176438 872223 682255 774248 130080 1046677 734840 535572 325386 1257711 769859 1106727 445956 940284 617429 602299 74760 913717 284275
296024 260256 874294 657140 311676 561156 246524 672613 665210 560530 1148093 803875 15687 186563 787655 785618 731185 418299 568550 1030850 967748 1142085 781775 1030921 248166 439852 998921 1161504 158183 60340 595789 277328
356338 330678 795833 971863 305073 690612 215397 1026961 53 1198167 775763 534330 191192 389216 936841 1106421 731639 310694 999149 777248 842622 894836 1256811 1031356 167195 300070 730579 721274 463396 39706 1082539 275149
294304 260205 795957 682481 310072 18906 226433 783671 761347 568193 939303 1104713 190416 180358 1150797 1148931 731309 787824 19856 1030323 206877 152462 565834 1077146 380347 302797 739204 337316 928154 76682 626525 307576
301251 336501 874295 682553 268098 561478 205936 793036 1127554 1261575 901798 908490 802116 734422 810791 1189812 317031 582399 483627 1084084 55395 1193417 840490 1056466 257753 439968 681115 423011 1116873 39602 563456 184862
294686 324126 873706 1032109 249921 787043 261807 227232 570884 945048 1142522 872822 104858 109438 734792 482227 712818 215467 654189 756777 417633 1207556 459507 23975 358064 302280 1141515 582599 603763 72335 603930 317852
135545 351186 677052 1086163 311479 917311 261898 587868 22578 917311 744426 842615 118001 111198 809672 678955 1111328 418367 118203 787090 1035649 1068282 534889 107112 437448 349807 522973 699862 1127195 82992 565799 318053
22762 330956 874746 880572 314456 874947 272512 788109 661565 621383 1171583 831411 518661 118624 944535 682531 731269 967084 730639 746260 968086 1002543 572258 111825 439058 377973 730795 919743 236090 58070 923459 274653
917089 198417 874409 777371 328072 916657 205203 856651 571148 648501 894507 566649 112222 186483 1237162 853605 798009 967086 18381 786826 565694 1233583 559989 130283 325323 906902 970645 543301 1012174 48784 1154239 186109
364272 330610 796464 682049 311849 875688 252239 1136392 1114635 872268 787691 1131469 118642 181436 944671 712677 647510 716421 522524 1030376 1237092 1054999 551968 707912 183991 376054 804891 1144781 1023763 60661 604852 209797
182927 226036 677057 691680 328272 123321 228389 1078507 735901 1066795 594376 1131783 112002 26283 735235 1142843 647461 273796 117980 787191 525404 90007 131829 183690 352851 300804 736749 768279 749839 77106 990154 627710
347304 257491 795750 681939 281866 1065810 326070 789043 324508 843555 567709 562606 107394 1237257 1030494 1114461 773954 434729 842790 562262 528391 987056 446745 1076105 348302 435045 805742 691957 929894 68384 1151986 208906
334654 328660 853087 877622 285036 945066 323414 1113357 889770 916974 943406 648387 18871 18686 775864 678218 738990 897345 983981 734903 535408 783741 1161775 512266 218779 782126 866609 753223 225956 761590 1161288 216910
354580 330896 677557 1171578 230687 1081482 322085 1068226 1007027 647009 817343 742990 1088005 536078 751338 1058637 731731 804327 296400 1030586 728407 687130 565875 872226 441415 344177 523141 1135422 691981 83180 1082391 275067
351076 331675 874617 678144 314704 937519 350062 248464 719362 1162174 547879 830537 190360 186385 1153371 834982 731187 582732 804632 936802 1237464 709353 839968 532199 167867 436898 1119158 653941 552000 409712 990541 297257
301073 260100 795506 579802 311541 875760 269276 1077745 963511 565097 1059729 1113371 185083 646649 1241085 854237 1097549 417996 602094 1280304 502004 823780 341531 1162061 183988 968635 649813 976655 137179 398822 694530 173833
357617 198784 795823 687647 244486 875904 327011 1136475 506292 1040154 1147172 657924 192667 101396 983622 897693 782670 269628 118398 672186 780455 623409 565858 111029 328674 355939 940279 962142 550805 51216 1230500 274986
422958 344913 676977 1058866 249346 1197601 225671 791895 571094 740146 566643 536385 592013 735363 1151967 1223394 1110998 756367 919597 787501 524107 632881 818572 1214102 455992 781726 998766 1024279 131016 58127 1046622 1221557
286674 323551 795760 1058578 276620 875220 281713 513634 1138786 591295 1143072 81785 192065 443365 1150838 735489 1107307 541984 1256701 544126 523817 978255 313809 266148 181430 376324 1109226 245077 541666 60065 913609 892856
294051 330035 796021 584484 309539 18922 323442 513364 164785 917382 743986 1106394 946991 181942 1150022 814797 1111401 301944 827642 1147160 1048509 208952 1257085 1087560 455964 782056 941379 1036266 532824 53197 990585 360050
246268 376160 997325 623951 246839 700328 349707 552665 607522 601236 837528 1131204 17783 17790 1088065 834961 1109686 926438 1047627 1041258 519655 938636 528149 186248 1043 919648 940416 289718 553185 52667 811163 1055376
286114 446952 797015 997347 310810 185239 307853 1077345 762354 872235 841139 945238 107404 185855 912453 654774 781960 125989 1117660 937305 1152134 1061661 940952 786974 523368 476210 522710 523337 670638 39050 699379 227684
279404 356607 1038089 1032728 268553 787208 302546 1257691 1027641 999480 971572 648611 110974 112423 1131082 860757 647909 697352 774564 700405 1047984 694796 841987 128763 181713 444203 547158 552035 1076456 625632 956138 579595
348878 689996 1038420 681981 230719 1155784 206566 993745 736867 685895 1064814 895001 190184 106327 1151019 1178143 226086 953058 919776 995805 470047 647979 1238072 111550 439683 440362 8729 1129766 963526 52749 880799 123166
691800 284469 796087 1032553 245210 875676 220388 792595 1165639 898629 948665 646654 1043710 24224 1048979 1127367 730614 1082778 998421 810134 839350 1189035 731029 937322 181614 1110189 522241 724789 540047 410898 1161280 283505
330449 354583 1038019 651037 310574 875956 275923 1076355 956059 858152 756738 419284 4430 444356 1237387 1127359 1109231 1155212 713251 1030813 382356 279124 348702 512452 258704 815182 940599 1102379 831217 76879 687834 215620
286205 345945 1125308 682252 227484 953673 262904 1257033 853161 730911 525699 742999 103805 1238187 1131920 848425 998209 259344 23027 809800 649416 1190530 842001 809828 284052 781522 840093 906543 739544 76528 1139763 1031522
346173 356637 1124285 1058911 310207 937018 227009 1026532 900596 1162236 525239 1131536 106359 181596 707767 1143149 730946 311465 842047 787603 185009 626375 1237637 128528 170235 781842 739095 1013073 259201 83142 974845 307552
355258 331318 1038885 1038715 281153 875101 217859 894691 820381 445602 735203 1113508 1119463 567428 646930 814742 316438 677012 123321 937540 1237500 528177 523114 543187 445625 232586 840335 1235866 557018 59632 944770 309241
344828 345632 874366 1125176 311700 20416 326946 837337 1139074 563331 753601 528397 129122 183506 1153566 682214 797773 807497 1108334 734557 780446 1233093 916990 669968 694 691513 1096880 912824 773395 57905 944667 304235
295800 328640 1037982 1032659 257391 875232 227266 1140223 761823 953723 740991 673658 111724 348125 566878 1126903 275262 843156 291010 900599 53026 531361 842265 170804 167417 378456 1110233 532107 1062261 49309 992644 181539
221591 324454 873923 789409 249002 875836 227224 901362 711383 804888 1059125 831232 19095 110461 566643 853597 1111269 565145 111674 1031375 1103354 199974 697126 532617 905215 220628 840359 870660 713546 500404 815501 214820
296404 349655 873614 755155 316025 917226 286390 1113013 736016 917639 1152351 787113 18295 177339 707744 1127682 830305 418041 112353 1031264 1142406 219722 1106690 1083748 432807 377535 940704 525873 202448 77245 665387 182396
287160 260285 873746 686772 313480 875305 225890 658789 1036233 560928 681872 782398 184883 24133 1031376 785481 731342 418184 482206 912765 775115 1191217 839099 715859 185103 998209 712454 768411 1127627 77354 956513 209218
295312 330588 676780 798731 311082 418518 313142 1068563 1016305 1065942 1010252 945061 388689 186144 923596 1058909 736300 417766 10923 936632 591599 1143137 545342 543820 376127 302508 736054 1258091 645241 499860 755970 175184
290591 356726 796257 665598 314026 1040978 434306 819468 1059 919387 502295 912763 178040 186073 649411 713212 305860 413148 1061739 898405 195844 1232527 560434 184594 1152871 173897 866129 1059237 266483 52877 991542 183324
285027 230180 796386 687286 310805 565145 226313 1098562 1099565 917195 1059427 561792 189216 1242123 935238 917241 731740 542586 919273 1117486 657882 569256 268085 612871 846958 349080 731513 713305 695545 40776 758259 306537
916743 204355 626180 524903 273548 875839 452644 1021138 736021 999437 735321 293795 177268 184293 793969 853448 730889 129460 602325 1241538 418693 343132 565940 185672 283077 212659 730748 1119905 1140004 52759 914026 213356
337702 295670 1131066 686798 248797 916520 314788 792406 1260347 1068504 514346 839093 112615 26639 1238292 853344 316004 1035236 18981 1030986 102163 164153 209333 326781 379690 1106606 712402 987909 542352 55656 651808 167153
1150103 247657 873812 1058708 240243 917147 324206 723 836984 128763 901070 1139236 359721 113009 910744 678652 1110252 210715 225 1087736 51477 909667 731449 637611 166844 300122 866639 1134723 1138731 60709 991213 1054985
290196 349704 1125310 1031644 310252 875181 290814 948304 876219 1238190 1116475 998785 318496 520787 912979 566363 279315 518444 175507 1050247 210152 619553 731268 787571 342354 1106367 879537 950875 985041 59702 810486 170363
286814 283937 863610 880290 311750 652338 315120 528483 553154 167678 1153027 645924 23285 445081 959620 1141960 866282 808341 235734 787008 636577 1193035 104255 189098 302197 781919 920207 792704 968102 83605 338034 220403
344769 224253 675773 955580 276593 1153428 343237 1078934 1114265 1115481 1131793 419330 455912 170656 734768 525972 731389 1066195 824154 1004315 1240316 152647 1078646 787034 352881 220773 1107191 1088734 442678 62635 551813 296689
324454 259868 677063 779033 311558 109191 225399 247955 971808 560316 969420 1130642 110305 181732 1080812 849460 798305 125897 940971 735543 1232628 835514 560083 569555 1089324 262478 1109400 973189 571946 61195 991239 207709
294413 238009 787208 972618 309679 1104102 262313 253537 227085 917183 908845 1113440 365438 446643 787811 898608 229711 249674 747247 734545 958028 1228285 535111 21769 379758 170342 841737 849021 47133 410608 975405 271472
343110 317802 874648 1106293 316438 916703 206409 499701 1008193 1066262 744353 830269 19260 128110 1153762 1184638 814892 3626 947193 1054569 493588 528375 1078773 112493 1152346 781623 1111119 601360 813477 50858 565632 309352
354279 357440 1088305 1031681 282274 937338 220465 874241 1060737 1152965 943183 1041035 106544 185597 939303 1127122 867175 211073 879960 1083011 494300 1232921 1175627 435551 656599 174279 805553 674233 818416 57191 810483 213913
290916 345397 1125342 536271 277035 916554 299078 791990 984760 1040831 971012 819136 26084 128528 1030570 1090262 866801 1178331 1119579 551661 626783 500871 601236 129161 271492 738769 941407 863759 1090709 83348 798544 308400
294450 317540 874410 1142516 257450 874816 226077 514059 778554 560145 326543 821016 459733 1237795 923389 524853 781542 675891 840126 786863 536281 626478 561143 435486 477516 225059 1280903 957655 1257028 409741 548943 304530
293922 259919 796841 585110 277674 937064 252921 784013 1138328 1000186 713914 1033127 110526 24578 787329 1181271 306695 850513 20394 835292 215696 511537 819806 772052 309716 1274741 840347 973359 1066570 34542 903071 707281
286446 330401 873920 880445 311123 1154270 448365 818504 727259 809775 531180 941250 113730 185371 1238333 1127375 866427 1178966 522664 957349 223282 1025577 266970 543699 1246 1106421 940754 602229 795473 53099 707598 305940
295459 330148 795891 1279896 237703 1161953 226227 894623 731837 926154 757288 523108 177776 182290 945282 1114455 866183 221935 940429 857769 1042883 942685 919602 1141708 351110 314798 560805 729766 1026872 77094 944407 338478
237624 235753 951166 648468 314561 746260 228373 936847 45367 839140 1117770 993544 111892 186360 646761 525877 271765 417821 999162 917428 793969 1116888 1150041 128969 506473 297896 940691 88351 645760 57694 699109 309157
134983 344955 677262 706668 281373 418503 287929 672400 849460 1230340 775864 563398 105410 657882 1058346 570747 739303 591488 24122 657924 822538 915497 196180 240519 226602 577210 739376 1101891 132614 40380 1164331 309233
286970 460376 796219 922202 249578 916660 314683 571498 515824 1153213 775094 566242 112485 566739 1031226 570154 730745 793181 734182 1003848 661997 769571 819303 1030519 381967 170352 731533 624507 1066475 77209 565811 305751
294328 355683 1030863 1032032 314047 1191539 224095 644312 232299 655114 683448 562827 106269 175423 991169 546889 739507 843417 588352 937064 118219 324728 231173 481132 258052 174639 920059 637124 277921 72227 526023 283848
912114 284453 874717 626068 1122270 1076269 278844 788065 1258662 646708 949842 1131082 182245 181728 1131555 547853 866434 1114434 762380 853860 1025335 568925 944582 936856 445956 495571 969909 650926 415058 60195 525266 214975
293847 356710 864648 197513 313831 120189 318559 570367 502757 963027 735447 567319 105794 450004 648395 786096 739263 984960 730286 1031153 417511 787792 840754 190113 321200 782176 805800 1142538 1061807 76536 975809 181540
286772 264913 873596 1142339 248905 916697 290446 1077686 1007947 1063211 775723 831075 184594 734467 1030990 853393 1110823 553079 729969 909018 649284 325461 1237988 182075 1046531 445926 1109529 505523 1019055 76733 761219 171688
300571 329369 677199 687836 314188 1081979 215080 1079381 514591 731266 971741 1113488 19051 167986 549261 720384 1114216 221947 109483 917262 264762 941761 722305 1087651 184048 495653 522930 919250 286799 53107 987104 308771
1032673 330037 873519 1030439 276526 1238045 309384 1113299 505372 1000289 1084007 991153 19186 184053 1154107 1114309 1109521 418151 834493 1030488 276436 657699 565813 110351 1015 312754 941035 1232051 892627 60528 811955 265972
323901 237160 873589 200212 252117 875352 315378 877084 735914 920130 566702 993292 167954 690495 649423 1127757 720378 1034391 626885 1096533 412844 364415 534983 15546 496585 444433 940382 328733 245162 499945 1205940 175433
362895 266346 1038570 973172 210715 1076026 204468 876983 1264490 917392 977800 908554 176246 304465 751708 848973 305363 1020162 747315 757148 558148 1205750 560277 965226 501925 309216 731559 511389 965129 52038 968604 948430
294241 345855 758069 579119 245629 875599 287902 571906 555621 588809 1117565 788106 518973 185728 526237 807804 938715 592540 158857 1152764 1005898 886809 560685 787318 497992 378358 1106403 1047607 1030610 60138 945344 794091
350038 357010 1038650 596373 289347 916918 342709 1104452 1077992 1012562 748925 1083841 842631 20788 990439 853112 839380 210810 1047726 787043 436340 1136616 819235 502280 453452 519703 524186 1158528 289490 52449 992151 308822
434545 198785 796092 679084 327272 118184 278988 788301 1087913 620126 500514 990610 1119743 186556 714900 860142 108721 823263 298349 561585 526608 931639 820378 1204132 358604 305387 522628 238434 690051 57488 603114 965718
272075 330191 874698 921631 314118 787543 225560 1079398 665762 873012 983524 563382 21280 445690 1031023 814760 804919 770006 111933 570154 726917 1136703 819316 26430 379932 443510 805073 435474 840873 74518 956005 175780
286794 260140 1149997 973769 310131 735321 326901 1258402 1257139 940210 795382 563613 170328 185405 1149770 878816 647532 1005487 839924 1030613 217540 1141279 565816 434483 496543 437905 842598 746612 1197725 83482 811880 308808
293888 280695 677536 921717 484748 908980 226329 1078701 1053555 531988 693723 12855 24310 190233 912210 861831 774595 417774 940699 1073809 972260 794283 565203 676355 326707 131721 102244 574185 1192668 60477 990977 213396
294591 237079 1038093 1031676 325775 1115372 311325 1069151 198541 969893 882899 419835 711770 180811 912201 690708 363653 753787 302884 1030375 1048771 531360 839399 129507 615683 169970 1107286 994025 1243555 555102 990759 210124
355641 318123 796806 687873 324820 1162014 306296 507863 551943 1237898 531886 894117 184080 181928 743098 1257221 730913 417511 615798 700692 1184581 1182422 839977 110660 268783 1117954 963072 1109525 1035215 400299 300804 328818
296913 259261 795820 971750 316566 875502 323530 1069342 1147147 802747 530713 1105449 363069 716089 1141115 570152 523410 210302 1254251 657981 551374 585147 963929 953633 259130 178120 656516 783363 984158 507880 584732 182862
314500 216783 796012 201153 314306 1066769 287529 1069426 1015334 1066036 1090779 1130743 112634 775607 1153325 570792 731034 817547 559818 751338 534132 794430 292994 1143423 445082 919872 839489 592758 195851 410526 1053754 307611
286758 357232 1038609 682474 312470 875882 281727 227273 1028475 724094 666639 831175 106937 180266 1152408 1127777 522751 541825 170521 632714 326640 933776 819546 341942 445926 1257085 739369 756880 670031 41099 903648 307457
