579818 579818 877701 202924 343892 810134 941122 919648 13108 839581 300457 713640 1084338 106784 878214 230106 107608 972421 173843 1086002 181572 225990 336439 458441
1161482 23190 1142997 496926 766224 225990 601821 839135 182732 943889 301145 656788 1066089 337144 26226 290507 355744 879931 1262878 620466 186149 229221 223759 21210
983039 12393 381975 349129 602710 1030607 601941 839673 190067 667853 203673 941191 1066411 209260 877865 291123 181606 976040 1262151 728355 182675 331299 318341 247189
184835 182684 1076190 198859 877532 302808 782449 866980 18956 648789 262463 839476 1065760 314945 757166 223051 302150 451090 249370 1164963 184394 267704 317808 135295
1005552 178662 321875 262769 269419 1082546 781742 941143 23022 776228 301593 941290 920735 207813 855740 259749 446813 741279 1262375 175260 24526 337203 264913 330404
1003330 103564 908285 312209 337899 456779 919578 747124 170474 944444 303434 842789 1186093 26201 967252 317859 221033 222675 1262804 603724 658584 265865 293502 348878
658373 225514 878218 319138 681917 565871 602221 601821 19588 1030339 223181 523498 917441 345525 506707 218668 307206 811123 828457 185243 228152 317499 221874 302612
943163 125694 318461 491867 878657 858240 919402 523076 190381 1128329 301573 523521 536265 356677 230433 267004 221895 267863 1066288 448391 542876 345023 225855 351269
189557 127814 230433 204685 330414 646090 731266 522947 105613 724166 317981 712578 238266 295941 229470 300622 248714 811821 73962 167005 128032 307611 266755 18249
979280 185642 229470 212426 910573 561075 842095 940615 22446 574711 323544 523207 691258 218639 1084288 229871 97313 871713 3300 26672 1237162 318256 229266 376160
802749 231366 492182 199066 333353 646211 656380 941421 170041 1021559 174316 941282 1066278 1058838 874443 300817 182498 585659 732344 525554 734934 273465 265395 27664
880274 177995 877925 265449 835501 565907 601860 839341 118398 700877 320255 940312 1066732 1178845 3084 306919 240585 1054512 280794 180925 24654 211924 304192 297689
541821 118680 947119 331650 613272 564973 919648 601941 348726 776136 300391 522466 1066034 211907 82736 335428 55291 186348 413428 184060 434770 231099 1006269 345493
1017458 182546 775708 316709 202939 221155 940210 842378 181528 842725 317675 970348 700664 313891 516108 229391 228982 472302 1213469 1084077 23310 329006 220976 281807
1155348 837387 317859 337767 326597 990206 969872 940182 225514 840213 264315 941335 690807 456214 3146 219954 245210 823816 180826 12461 183271 217509 264546 309054
97985 1140118 1084288 329384 765933 752029 919552 839141 117889 1237422 286488 523204 1066606 1119430 878530 250730 23023 1042268 1262307 180420 182498 288488 324288 18474
97378 176799 878092 331937 602982 993151 919686 560157 183493 948122 286964 941477 747349 224190 1117140 301573 98104 1035524 328045 26662 175312 317869 248685 348726
97551 184026 700200 203544 877879 918336 919224 940356 176246 747353 285218 940445 795506 235509 987398 476715 302317 665387 81493 946335 182711 266699 290557 296281
977618 126177 300622 318532 326929 646806 866980 839399 23111 560633 301088 522756 691078 480957 775878 296617 1036577 579600 170750 565718 177542 311340 336617 135668
443872 107112 228176 209025 189979 646579 560570 940817 182546 883035 288085 867037 735343 336221 12462 219797 121921 1035289 1262420 25699 978450 266648 327423 286950
302508 111825 492683 353476 624283 225514 560495 560506 105571 649360 294793 523069 1066513 282156 796516 359511 1237162 635123 1066195 185656 182828 318885 230143 261967
979266 125792 947923 497363 187391 735724 842306 523281 128342 669002 301513 941026 1065994 895712 735523 317337 179263 964408 180146 182714 22898 265195 337188 486280
804491 185401 1232929 279709 326572 857470 559846 559863 21969 940339 336641 839878 690912 10877 856031 291207 337619 435068 105196 535539 109281 283658 265718 456368
1083074 126406 878021 203721 252818 857326 920111 839099 105245 830981 453204 840291 728744 225445 908697 301162 127422 803286 108321 982812 791255 310945 267464 287256
1224055 550326 766101 334762 71642 561623 920161 839193 185556 1241835 285054 841690 690975 574353 337007 271519 127328 670702 181322 1147589 19827 223801 356566 459149
996095 1262117 208863 331272 548065 562055 839867 782449 23144 673438 320170 804860 690720 306954 231237 238152 363828 586840 303396 1149161 24377 209357 237430 231099
308498 180443 318152 319587 336857 566131 941265 560685 19051 1240497 434323 560619 1065979 26487 520689 296888 231029 227058 365389 1206741 23561 222857 337561 285279
98027 12823 128589 328705 1240014 323468 583912 941429 112002 782748 297062 839540 1066734 923208 1144348 296823 324229 841538 452979 180707 175112 208919 320654 247344
536571 126375 1143481 233173 250921 912453 919123 560588 107394 968811 342923 940681 691527 219120 756540 285218 182769 1078545 879577 647015 984570 334245 236691 23022
409865 183925 11862 247249 317031 1031151 919451 560495 182033 1046870 342935 941292 1084161 195209 4883 237787 19856 20900 158460 1205040 994860 318325 195847 357642
221772 126569 575348 319888 313294 803071 919925 842618 128283 969696 354349 941326 734880 113456 947119 492160 1237464 1106168 22744 936835 68152 265617 320420 181878
579123 170625 205090 210022 579333 561748 940296 560974 13203 646121 333860 657110 691847 337007 506162 319587 246086 996923 367664 880232 117046 266730 345431 345240
44582 185868 230693 317438 332631 561646 559906 940784 173872 960871 307658 940386 691710 297572 856581 290203 388883 1126202 418878 812577 185744 214520 204901 297434
177053 128531 337117 271071 635641 1127473 920027 920173 18721 1099867 336519 713569 1065753 336146 304030 303792 97944 845007 128087 1151026 435268 229936 336553 296185
451380 127521 735625 336932 877666 219509 560795 839796 22795 1030863 285388 941078 691474 265395 223233 301190 414071 72679 128863 516975 120667 343476 196381 184801
807555 169878 506364 280606 290309 506152 777338 782524 112580 523292 301528 970750 857688 962271 1034790 317827 23490 963832 90886 713876 93170 213807 301414 293922
444787 174856 231237 267884 672791 942029 919354 940210 118001 1073670 477169 940792 1066710 1046559 665474 296689 222159 964298 1066281 798952 181634 318747 230226 182157
657580 128239 57804 271229 841538 646891 559871 559917 23190 880937 182046 940181 691596 183268 5151 253151 394524 998884 338628 567211 1046947 305482 300447 182093
383946 177889 877602 492363 301425 565447 781670 940360 118017 841542 300603 940715 1065673 1106239 53277 1035676 14290 486637 194166 445287 453580 275243 249571 220747
613127 126115 666706 284208 413155 221527 866401 560643 18814 968877 295525 999163 1237464 350062 2970 229035 184905 1078955 1130268 651236 190441 250335 244240 456889
910784 127574 228927 319128 27622 646930 919280 560530 115617 1147597 290560 940446 585306 272582 509394 320831 256926 484711 1219434 12509 642146 330643 320076 246086
1004870 127513 311291 331944 295526 655931 970387 522611 22400 587008 364119 962552 902986 317337 50881 258526 176193 660832 165024 176361 182042 221527 232713 290309
1116703 127101 25835 312485 972744 566351 560530 940456 18941 681917 317337 713607 1065693 691553 908248 296469 303327 585552 1065969 180612 170556 319945 317651 356244
450241 29249 223659 319466 878237 1078388 602130 560053 243479 524856 301055 940500 691532 225028 767052 201817 323381 491835 545747 183473 184806 290066 324155 314564
542137 129256 908697 496841 245953 649173 940795 781547 183317 680611 300837 839380 1025559 345309 4138 237639 13697 51009 757493 184227 186559 265624 198860 222857
308223 30153 878214 336616 297254 837051 919229 839854 118219 1046962 309247 941175 971921 336488 766252 229488 868004 841161 175298 822464 183051 209690 217962 307698
410389 125870 315481 354139 595756 209357 560385 940952 24300 775818 326596 998209 1066081 787536 230975 492320 865157 273109 264862 997235 180600 223163 337574 18772
953686 1126584 908464 332254 921901 1152937 601913 602170 179899 1153826 331071 940412 690855 492289 5068 297515 24300 12222 1262056 881066 185614 319783 229486 287160
984517 918164 336848 332075 326125 562299 560227 1046701 221527 523410 338648 840101 615680 229391 184905 336202 23406 387717 1251353 1163220 93585 264925 228959 25688
1280159 177112 213692 334021 603610 1078584 919085 919578 183404 725232 223710 805706 735109 338284 1146495 324305 5675 1251955 327757 1213717 120231 325518 231160 229391
605327 119143 227805 202711 649360 820356 601445 940335 23119 941367 230693 602221 1066343 829881 787013 491642 134849 973318 1262047 180697 185379 305810 317461 350062
5873 1001435 12125 331392 335282 646767 839632 839611 217323 835787 296721 560944 1083969 280440 653332 233467 314731 1126879 184586 205992 1267537 497419 337927 250335
1080012 452647 877782 271004 679897 953123 731029 523150 550475 1127895 302242 941265 691430 479209 207424 300690 1257515 480653 1261997 27104 218485 343672 491507 259650
182051 1166917 290479 271607 209808 561127 561037 941471 24360 818826 296469 804934 1066872 118179 4514 239854 296617 628778 956367 987696 175168 287635 230693 479302
1170357 166693 856058 297333 326071 565975 839673 941129 185201 746831 296883 866991 794676 491767 349077 338231 27147 29463 126971 17017 182273 317623 336201 301731
627657 126438 729173 497680 790351 1069144 561019 839441 225845 735295 342788 940678 1066725 300690 723476 255082 309854 20323 1092130 184058 571119 267552 259452 332871
874158 186210 908082 245051 972600 266796 805768 839519 112450 824646 288340 522371 1164027 337203 365999 245915 248862 627311 576104 182487 449471 304258 212491 221004
953522 129161 907948 281089 660641 565349 920271 522900 17250 671980 204054 560069 1141394 344891 765943 595244 296840 25624 1066732 1036940 24144 304593 214124 285304
309354 176246 203712 318445 878092 901897 560793 781842 23033 838592 296954 941429 1065998 918327 873711 646121 238357 856114 184448 839594 26295 316279 323858 26555
272839 118468 877410 209021 830202 735891 560784 941164 185868 937363 223530 940720 1084556 424641 716396 318652 236503 896959 292722 265906 186241 295576 288560 217724
1024456 126541 778517 225672 412523 561817 601939 560640 217078 919697 262350 940763 756295 316125 980805 626500 223001 258207 112070 181916 175462 344815 326857 181438
401907 127065 327562 332014 317576 565203 940907 841690 165212 943194 240396 523350 616140 168024 1038645 218725 233517 1267839 363403 1154753 190031 382674 348856 17017
1267052 645115 336230 198085 603417 646761 841987 781939 18886 919856 349294 840224 1058351 196517 878148 812042 492477 892249 1148377 968315 183127 260187 271331 22632
695277 126815 1038439 264378 921642 502841 919865 731270 105062 668993 285080 839918 690995 661062 825269 335737 183225 788302 22487 10531 120448 280440 254248 134787
185366 186078 328533 275708 789873 309808 919836 940256 19260 574421 351225 941381 917289 810094 878237 296121 338159 571390 1262015 962320 170955 308923 196745 287206
520038 111945 230692 203119 757406 280440 560157 940279 134849 842980 348895 842833 1066769 31162 319974 304548 22186 1178582 1261898 1090315 181354 280142 318277 430957
948076 129796 383588 326151 877498 566035 1046701 941456 106527 782321 293657 731691 917360 1136778 966168 355744 446044 205777 151646 181942 303434 229631 280405 216464
551387 106165 800521 345109 312589 561311 523150 602221 181379 787673 286779 712402 1065999 935025 215864 236775 196375 737496 1100304 181098 177581 284434 221724 109742
612855 112393 1035945 297627 878494 824606 839099 941250 285279 560608 286889 805799 1262351 12448 12219 297240 364252 889691 185297 906656 182693 318728 307045 349891
805352 1122707 714564 496822 281224 990887 601385 560324 23180 1153245 284972 601157 917116 323394 319199 304694 24632 1105449 414676 923892 184664 135266 264490 229846
537171 125794 950982 336438 202802 568415 919136 601577 119086 548576 229053 970205 615693 1052707 11911 300770 550680 628860 628060 180732 110410 223935 224039 344685
101314 186335 874095 337750 312758 945066 919514 523249 106031 968963 348008 940529 699403 348505 1035869 267216 178822 1200068 1052200 178711 122072 296249 319295 230119
410003 185859 787113 215482 327609 220705 560875 560674 16126 904884 338579 941116 690728 185556 1059268 237802 183920 485190 1261880 1225736 23631 311774 331686 220447
658619 16804 775944 223954 877640 337203 730581 840178 182093 724245 337493 523031 1092494 294014 286964 308084 23947 351564 22477 128618 414859 290243 557637 336265
170469 125839 320317 297166 358043 564921 941429 601730 23947 1059229 336202 804688 691112 858240 206039 221977 336455 991989 251932 524880 178756 209103 320497 248702
1048922 111550 318097 223305 766156 535024 782689 842274 170814 809722 360923 656992 1066607 185840 28071 319832 262295 604271 800277 603040 306910 272094 237926 291016
101155 456368 219842 261516 363491 912857 941164 840282 105683 549254 229556 941015 1065663 584919 1155193 290300 290457 313067 413714 957779 26311 228941 283645 181923
1130135 178498 317337 197707 31998 691702 730632 940550 118395 562149 135315 804935 691587 329666 706252 237844 97257 838172 31196 178613 356985 225732 329066 286737
439223 182692 1155193 293886 766533 561239 962207 560478 18772 839195 496791 713536 1100815 336902 181913 296454 391717 704991 1182914 128656 182881 256489 305018 287238
615829 112290 460080 331537 646211 1122354 560993 805768 345193 970708 363735 842652 793969 301573 478431 300509 929375 429083 621792 178514 185426 267382 318738 479544
177624 186598 468935 475673 326344 1004219 731270 940302 26959 1047575 238757 1106691 579818 659077 677387 212269 384946 24741 68970 1237464 110808 299523 296858 186093
97107 166757 877647 337817 878626 752118 940547 940766 382581 669282 135070 523137 1130363 228028 57891 318507 28728 1215203 130273 189192 175337 325850 323427 275797
168837 749774 948103 265031 877760 807981 560434 962460 13762 839125 331299 866794 735245 203189 735271 320654 227563 113957 1261913 26449 55564 302808 301528 337203
384514 760705 707127 216527 1095745 221150 559767 839980 106140 634704 301575 941184 611803 235302 683108 363330 97037 841095 413830 620360 126689 304586 205577 354279
384006 178894 50715 271404 651397 955918 602272 842204 179856 839635 308257 969744 691580 363218 4470 246331 269422 772553 141265 635830 363805 337048 196791 16770
971312 792260 204640 279864 317827 1083173 962443 940832 431374 781432 222716 601297 917662 271519 608603 334501 384145 628500 73543 180136 109578 238742 225108 181426
995735 126121 272024 237352 334411 317821 941376 840265 456368 973857 136640 522482 535421 838323 301145 301513 418664 301927 1262432 16894 388012 300215 318282 185662
177164 179314 830980 210670 854693 1031147 842000 941403 266838 966336 333895 940885 579928 889041 666077 297062 390456 762025 30510 23748 69613 299698 230236 295717
1042600 174321 945951 203081 220969 647054 559885 840386 118446 792767 336685 970797 690644 210054 360652 290727 196462 369408 158033 1017429 175127 266796 239061 225028
834954 186446 219018 300679 211019 438301 560588 941240 216464 647950 222931 559900 775959 342789 227288 337054 189062 991485 626648 178256 180256 265213 336519 245059
51752 179432 789963 264978 735051 886003 919768 560037 183937 815059 223515 522303 787008 327619 666182 297131 1155261 306568 293173 945777 129136 308373 317759 185286
177842 186099 877473 196803 326428 647050 560802 560810 181666 1150806 363855 941430 1238045 736516 1142997 229288 235571 972423 173491 183806 252785 317770 293575 134592
409857 174247 644635 198492 808130 1018870 842677 999088 181213 998939 324615 522672 1066800 990657 59887 229354 414547 485024 1066482 186073 180707 309406 348896 226741
408703 186293 348689 353059 647029 691014 919905 560381 112206 648255 287206 867199 1066807 317623 877391 224140 676267 956513 871203 219338 956605 220760 349626 348777
128428 185216 590121 274002 203839 646492 559891 560788 22694 937385 230692 522710 1066853 1037078 666223 838592 23760 991479 1066667 27256 530104 205077 230723 223761
384342 185816 756286 284496 972691 646850 601854 839566 176191 882585 239303 713520 691029 336202 706191 296581 200401 773982 170432 109175 180429 300623 259714 297480
635885 184705 1118317 209678 357487 337208 522334 940310 105375 1130721 287039 941094 735021 242595 899548 493982 28536 977392 1188051 186453 183714 595513 283659 350574
399956 868783 735582 225531 270775 646737 941236 1106683 24333 973217 300923 840105 1084320 739326 40450 320297 204180 14704 811905 793459 182038 317326 329855 181576
843824 189566 22773 207532 324126 502923 1106608 839161 24438 840435 867723 560730 1066192 492295 365758 365761 389880 1158734 184167 965763 164811 264483 312301 18871
386101 112366 284496 209758 789827 857115 919794 560050 186446 818361 350298 940916 690742 244480 547055 306596 345385 532223 875682 182886 170234 317731 309761 13913
717300 126214 324098 198249 145067 1191539 941292 781517 105410 869151 262506 940767 575946 265324 717910 233648 387559 21051 10425 112544 180966 265104 198201 245485
388828 22452 579132 246565 1081617 1078425 842711 559768 186025 712957 337534 522691 1161937 182287 423741 264876 97069 687861 929108 574188 186546 308529 329082 345743
450421 186138 300181 195569 221106 647029 601638 920271 181507 725323 336753 1119953 735484 184367 626550 326807 25436 972647 359994 1148613 182701 334798 209712 182046
183054 181510 909058 319542 329085 324615 601255 940223 177583 634654 261780 559773 1066288 303472 645275 300355 230415 840740 1261986 9578 176021 317821 345817 355387
1047931 308223 265398 196783 608865 1030278 940767 941089 16365 1237689 297398 713241 615602 329927 992145 229436 98057 665067 43562 579818 694705 253838 300923 309540
98029 552025 238343 331087 287421 305069 730579 940690 190270 563414 383223 940795 1152000 277842 877674 287572 127399 371923 601471 1059807 129347 329772 216356 19205
455887 174229 878196 225102 325989 318885 522900 522534 111829 1153897 206163 940606 1088271 186983 877925 248339 301802 1240424 151694 972205 112804 320198 278447 251127
290799 126287 229354 273407 344407 225735 1114672 919402 322128 502729 286223 941040 957590 15557 1131160 473064 177995 807571 1162094 1238100 15389 320546 248600 23369
697410 21769 434565 261918 345690 639066 842970 919158 216390 738346 227582 602335 1142855 265378 877718 239219 337534 955610 84798 1152570 167567 304696 334962 186241
445625 635275 608407 200169 878196 505851 849476 523188 181779 595244 337829 601814 1132111 264266 1070664 22353 411759 590086 886656 180641 186624 209260 318320 256890
410238 174898 1054797 203162 6298 275513 866730 941117 104333 657320 345583 940356 691230 491149 735237 238330 183459 1268714 200277 1240019 181611 273608 229234 16398
23472 26531 28555 319314 319248 990117 940942 919934 18534 1152956 222701 940952 1058956 984651 4585 491744 180232 1079528 158095 443846 20330 373114 324552 21038
1005237 165260 669797 218011 226571 719173 1107575 804738 18795 681778 320826 963037 690939 224982 855920 224044 448684 834460 72811 1142078 355956 212032 334509 11661
398217 166739 57287 281128 870267 561282 559863 560670 176747 923608 320768 904759 612060 345828 27476 429839 324390 859919 833189 181251 122710 262773 264489 312973
519393 105062 322223 199054 524916 646686 940411 920027 112027 941061 204892 1107453 793661 277828 1008878 329356 19673 937329 1065674 879971 217392 219783 317301 332043
696641 179165 363049 337636 203120 1257722 919215 522338 178662 668538 182789 941165 690634 355964 762273 285254 127468 231148 203347 520659 413395 319897 266500 201132
996034 789209 1144405 266565 954571 1077686 601223 804806 20496 970180 287490 840167 787329 430458 772840 363065 21539 327187 1262955 130587 126408 218639 235283 301572
518889 18510 348903 266116 979586 161440 920196 805457 18847 815421 273344 805502 857570 290203 502682 248925 448274 83509 852484 455887 180119 283953 317444 185556
522852 1046981 285386 319074 446002 220960 920247 782196 111571 880576 247113 522323 1065829 196370 543153 227180 297689 309413 34963 1238112 222563 331065 222234 180600
439501 180395 265629 201667 818456 553209 560324 940593 225834 819306 286925 839243 690631 760509 877618 218639 170075 798405 1261684 249067 122838 273645 304784 16751
91498 173618 52006 331873 767061 256 560442 919477 268341 925333 262248 940754 690823 297480 302921 240254 220826 913493 1262624 563119 184929 238248 297024 286532
180303 205017 846440 361754 255577 646276 896248 560360 217207 548983 321200 522395 691555 766874 672791 324662 336212 420045 77303 1058230 121871 237574 347613 24751
585837 178285 1185545 301055 121304 597427 560674 842449 169727 1064506 285748 840093 535307 338231 967685 303472 182329 1015756 84546 775287 121428 230427 202737 180233
1041860 106049 874556 320539 1188238 1161229 657018 522660 456889 787291 301091 842677 734778 1253007 381635 1162254 356710 1256819 1261677 946657 397357 225929 294624 238648
983755 105613 757669 278698 648244 646021 1106683 522304 19792 731888 294236 602372 646168 208004 411931 335769 97212 1142811 417532 1178552 185534 336834 301517 345191
931025 106002 548814 302265 878354 1067334 560551 560083 135689 842033 196755 970611 678955 1146863 249571 238734 183776 961762 117262 181146 1116074 286925 297278 295426
5802 699753 238524 301528 923892 1028800 919545 522440 106904 676987 300355 940608 794664 603084 223806 1161646 183129 841000 12610 846247 129044 223102 233648 349294
383758 127625 757037 328944 326199 646405 628758 941020 135668 919267 300455 523060 917262 474640 375739 296051 184719 113473 413869 619658 180436 285547 324376 31075
477774 10268 1035408 334962 1139575 505842 560805 560509 181777 566320 323831 523083 734577 125727 637937 307514 306919 679343 448372 936656 22360 308607 301469 289347
1005446 14158 228887 331228 286833 177530 782205 839784 21402 1155212 351995 805072 916596 265591 300894 319374 18518 196803 347976 177476 605313 227993 268095 352767
978770 119373 754815 285191 202963 505834 560895 559864 182019 1030939 273229 969762 691056 294236 850055 229944 55103 12029 1066499 1281164 97490 1091314 196462 185687
948173 105245 873534 287298 353909 337907 940418 601693 111984 528401 313588 601561 1066739 290851 1146610 328451 383859 1078768 222630 817518 781743 276213 265928 184719
995679 111987 275479 284675 174500 912020 1142703 559767 189566 970191 228887 602088 1262215 303665 910154 354300 301727 487421 1261720 809757 183574 279009 301021 257262
410385 104032 670184 238098 226818 973235 560975 839726 284355 1280962 304966 656186 27548 183362 519906 259222 12976 411590 629640 790351 22607 330526 301543 229894
1146331 127864 364434 497521 412811 646436 602170 839243 22246 542815 326557 940360 1066161 649326 324353 291114 184117 1080768 413948 181277 109095 345178 254612 218639
97798 177967 59859 344858 29297 567550 523498 805011 216707 880077 294100 919876 1066150 591638 657949 198492 363949 615607 161413 846613 177309 262319 306318 363218
1162163 127142 892378 196382 328610 204174 919581 841987 22186 669970 228870 839499 931955 272743 4743 246980 183986 1054319 815421 1008685 13064 277229 297156 246027
983173 844186 57931 318326 1100043 751681 656362 560687 492084 983025 317885 1119866 957539 328968 500309 12729 418213 185671 776228 699410 176636 264285 240507 218575
444066 119326 767067 200284 253059 996110 940681 940296 383297 773999 364615 559956 699534 233122 219314 323868 307686 811737 1042977 181788 183667 334234 320648 317623
972048 183468 1013133 338733 203768 1237267 560915 842468 179757 1239606 286833 781976 1083450 180174 230889 223321 299400 1194506 169745 126467 186432 213969 309878 182611
388012 183574 579194 497923 1237560 1054984 842611 559823 175897 1062315 300332 839565 787193 448808 1007260 244096 182762 649968 850120 678579 21271 216844 336202 111990
452465 185855 267953 217472 735603 294328 842926 969872 190128 757214 262439 804666 691792 1195727 775657 198983 252165 876031 1261942 945470 170183 264559 227484 107133
1140118 170102 595029 313084 735465 674013 559917 941201 168096 681380 229579 919095 690689 317658 55066 284956 203607 615473 1080853 1241562 26798 223622 319577 185909
977925 106030 223029 265474 317821 565548 940279 522361 29447 991149 300690 970650 916719 921338 349088 300990 97408 720889 128062 525290 182019 266783 259778 235877
210622 128342 516108 297088 325979 884243 559900 601453 167634 789737 267271 560563 700790 283953 671864 328707 325859 542889 1065848 803674 182691 301414 337397 181897
400143 188119 437180 320057 554619 561288 940700 839844 27564 943865 297363 523285 917272 282434 856282 248830 119402 629232 691230 254667 184033 208867 328995 222243
1047833 185777 383996 328407 435561 1078955 919717 839468 349326 700470 308222 839519 1237201 278706 929327 300800 210257 349701 92140 1217719 177611 302101 317600 17599
819112 326168 386558 239060 326649 337048 560643 941121 284679 542347 300504 804831 1066521 296888 787107 219358 499410 653604 823158 176602 185626 283487 287039 21163
948456 1258266 360103 356936 860298 502838 560812 941372 22215 904662 262777 522597 1066430 184938 500135 1031107 24180 554779 449891 128727 28612 213660 337851 337424
287066 180931 1036575 492475 790050 562281 941117 559759 27193 647519 296825 941075 1065812 623249 513450 336488 26072 1200808 181009 955525 28771 269255 266116 182289
1146924 178249 205525 233329 290552 309888 523489 560455 21264 523529 287946 523024 815779 1221976 623804 364615 176569 145302 179054 183574 91736 283801 1031863 229385
1114487 328358 335677 334692 899684 710999 522947 941115 18419 1073922 222955 842754 858105 207725 317337 308514 219964 707734 363703 945406 122991 244977 265747 22545
953114 126237 862608 262970 787374 377002 867227 940919 22406 1122972 334978 940332 1066837 204540 597895 230427 220817 342944 84942 181732 190088 290433 290849 303792
1031645 206163 190179 472910 27791 282932 656283 940423 18332 522931 249543 839238 1061581 209452 808487 233403 182033 433322 460708 447674 180465 309388 251197 1031957
979241 30135 669664 264349 922127 225314 601577 560033 182693 969426 21051 998303 1065774 181895 856730 320450 185963 1113837 301598 447270 182765 331252 283953 21123
189584 177357 1092383 213692 647905 561427 920092 805290 488744 730819 294792 523387 1262307 1254799 303257 338050 222370 273179 499852 1030339 435323 327272 336900 182296
165978 540906 1141568 255884 338682 944142 1107328 804548 182501 961869 317905 940187 851695 1243081 1278297 280097 184269 729613 1262914 181957 181478 270018 209256 296302
314837 185596 1069748 345083 1012871 562084 940842 782271 226539 587267 338470 940478 690868 336609 1083447 336105 342935 742535 21163 648059 349607 336088 329129 286833
251423 112419 622414 1091998 199491 340823 601730 523498 24578 840344 355992 841986 1136100 1242743 794386 492353 342923 481850 1262802 1237196 225498 322079 342410 297387
756920 297282 500397 338129 253832 1066482 842378 842507 494006 863764 271824 559823 815528 135295 183671 336265 230736 484841 411517 183097 15665 336683 204936 22927
953507 295778 878586 264727 766123 307698 782324 1086461 112087 897872 212007 940227 1066754 199137 987171 231242 97733 1168128 1160036 658587 182780 220306 265811 105816
722780 104192 884606 196117 602571 1279384 941008 839378 104867 560333 443309 940879 638801 320959 1153763 923688 290524 657631 296913 880175 184638 283893 317711 19051
185819 225468 1095816 198037 624226 1161100 560316 839199 26041 1151986 345540 559922 1007299 792373 381381 337932 111290 894142 135333 647639 183568 209534 344527 180361
835085 868611 877604 295777 596534 646134 839135 601846 19027 840276 297425 840316 1237162 271541 59700 252948 393008 883235 69876 178148 948103 329363 329356 364699
736245 117929 300241 296716 203584 926763 560508 522827 181449 1151900 301024 941008 669968 20607 778576 327030 174500 1036643 18733 924318 321416 330447 307988 250351
670885 185858 366103 317314 264152 607048 559812 522388 17017 830632 195612 940411 1083841 108373 607864 427693 24545 476213 1189679 740951 120220 209289 324305 294154
97642 921077 967675 328853 189219 227770 920200 841693 289336 572954 230128 842682 1061257 301513 789359 345768 348219 271491 1262837 863728 265589 328592 197807 303930
977884 1262049 753601 354086 262711 1253327 1029303 522696 446824 733847 708723 804723 567987 259318 673087 337744 719763 672225 185478 1002601 754983 221155 330152 181695
979549 322128 462909 331563 878042 888602 560181 866995 19382 706351 352338 805661 775080 497449 1155692 335576 1032626 419197 1261844 1186010 248309 307501 264791 15960
383859 126667 465407 248335 766897 918900 963065 940755 21550 968714 246739 998182 691484 1066618 850555 250426 302554 1256501 650938 301938 413398 275828 307450 347525
565044 579342 1069669 275098 759848 1034986 940197 940280 185563 523427 360763 522574 723437 338399 678080 229675 22410 617977 405171 652942 1117447 319687 217097 309406
541719 580037 706541 345205 445735 315246 940702 841994 182891 1238574 326093 1119777 691748 294494 778556 238911 856586 628871 852160 1087852 719062 307811 337290 328609
659036 184970 338577 347314 924008 431478 1106322 941008 180549 565978 224076 804551 917006 354678 518510 245996 317827 683593 876052 695003 190373 228159 209705 135502
1005281 105858 666179 329702 327928 324126 805034 523024 27568 1240014 232989 713129 690741 857982 1038688 338603 930162 314960 248759 1142486 186154 221408 229482 18367
1005561 125932 776336 195955 1113732 607058 919945 919425 24099 572930 294624 940524 1061664 249160 52050 233972 183317 1192979 886976 316783 120943 260626 247136 22744
242284 111984 348816 203936 602778 507681 782442 842926 27198 1060318 297282 523015 1262936 182406 796295 295978 359694 1082479 449534 183417 409699 213568 195632 302296
5473 185556 1083447 336226 481305 1150488 616586 839115 118483 968805 221527 522628 237189 294624 987942 265624 608485 472018 28524 130548 773802 214116 237364 300501
802339 186339 475457 202880 864248 952847 1106474 713497 182306 1120077 369643 739002 1066794 275064 662435 335100 260803 973799 756740 812568 183019 265265 269014 23190
948268 178460 320755 329761 278389 336375 940540 560382 183941 842547 320017 940804 916868 1250893 11897 301415 185018 472639 886691 26344 24446 334646 221403 25817
1241333 915377 855614 201451 787647 562010 523224 559891 225099 839363 228982 560282 1069775 207850 733415 255216 377465 594639 176643 181927 182372 264989 206127 345828
9250 1153283 461289 496696 799010 381364 839549 522524 329592 980645 324229 730579 322739 838561 856272 944741 303557 1150484 122989 26187 185663 238023 196341 233403
16760 186237 707115 202977 286100 561736 730721 840347 486005 1237992 302768 522415 690597 812062 968818 336168 13669 692152 875891 511502 174119 223653 266586 301662
807239 172237 563936 202929 312656 317268 940360 940624 22927 999165 237802 998600 735039 1088158 1128732 335115 221054 808065 10253 937771 344384 305703 328771 265124
723948 733369 682703 199137 1100408 983467 840362 839586 122651 648417 253774 905049 1084529 1189448 12517 337240 427242 614060 550845 181613 183661 325710 304016 18285
555506 111867 783998 1016859 326032 323917 963028 559968 111653 971246 202818 606583 700062 230522 1149048 217762 98200 228485 185226 209357 435091 214579 204145 456135
1114251 127019 1103340 331525 297216 502461 805618 601375 177357 522432 313023 731648 691499 1185993 1237363 203713 186446 175743 387900 793143 122307 231388 347887 376874
536881 13045 594776 222920 320555 229936 969838 560023 184862 252056 352225 839857 1066246 228275 11950 1161227 16982 18052 412673 130318 182260 332987 229455 186219
1162501 185756 765883 331962 671980 301414 523263 940762 383442 1145473 111501 842283 734784 337223 1121469 306954 127225 784240 155799 1237106 23660 239157 230975 186442
519923 23850 1040729 459733 326824 620946 941386 560289 16102 1098391 229444 523188 1065666 636281 1022055 353458 297542 553253 955602 311465 35046 260251 232840 363164
834822 128220 597100 320193 978446 266699 999088 560872 18491 808130 245630 657384 904246 264293 206815 291085 384307 616374 85115 516031 119769 247956 283457 300817
1129875 125923 908692 301021 225356 646585 1046866 559944 174247 227058 434604 601445 1083588 273257 12221 249257 96428 1268399 295859 180364 183508 238377 324664 204590
97898 19625 980635 198659 790405 1077332 1107011 560648 112280 943400 287052 560285 1262169 209915 273197 382252 237784 22598 106399 1142866 1145925 230746 307576 357006
978102 128217 402240 318652 323209 562028 782295 840360 217028 969445 296586 940563 735532 232040 843583 296849 389188 31732 181317 314234 434491 221034 252800 19643
215418 127123 924380 202830 226320 857748 560506 940797 26833 801666 176962 523354 691053 436752 953763 337660 22387 915661 2762 182616 113677 265598 340243 229478
869511 128257 317498 196109 23039 564974 560599 1100815 177995 818189 216505 940235 1262915 113730 982679 331737 184404 629292 541439 991132 24050 337364 336922 286870
395308 30863 284822 260230 295086 562194 782375 866730 129383 838147 349613 1106741 735598 268611 911514 259181 309530 906022 1066788 697980 29974 214636 307917 265350
98146 22406 196170 336218 1215674 266219 559757 839107 16804 991700 246098 523141 690851 254612 80319 357499 345757 1125351 864928 975805 120001 319263 210024 181827
182237 166879 777613 248408 204944 646561 839144 941068 19282 1237300 221849 970087 1066512 39375 758123 231019 303312 29508 164497 158183 306896 319323 320484 236969
631858 107223 943572 275909 346179 591930 560382 560551 328792 1060078 286638 940260 735321 119704 469735 233122 17128 1178552 1130841 181019 122325 266501 314776 13079
843794 111910 258131 197460 511659 1078866 601254 940692 168078 1149760 246444 730651 593592 336811 557083 226389 197925 927852 1003504 1088238 170678 278230 329072 219298
