570540 412657 339775 903853 985892 792013 1114992 963537 973619 744083 852861 1124823 576379 1121429 16136 369408 956027 916377 30033 516981 260175 878890 318735 659502 1121039 511705 668401 1127254 583609 759330 681073 331391
861059 1001490 883200 1139031 1079292 512902 807438 997424 745361 968430 1020725 368786 1062164 781526 824544 629381 601377 1149430 718952 685835 326180 848254 367040 1164747 501079 815538 617626 623267 1022015 680320 827466 463133
570599 614508 1065173 1024162 1083122 656478 879398 1058801 667591 1232330 336382 369268 255075 578977 800921 1105953 731262 949271 272568 799968 1213579 223337 320772 746157 617057 814834 1205078 733208 334861 878179 1127549 823636
746982 708213 295340 970689 903272 775739 757359 878672 959436 832764 1193592 614433 1239404 1178208 976052 859472 907456 812650 940501 820381 1032896 1143052 239502 995096 975256 815797 618556 787506 1032771 320017 1008295 1049228
786602 1100444 944012 1102323 903451 1047589 68611 650903 629415 1012055 525593 727374 959954 43947 1210169 629151 828561 1087142 495167 879887 270732 682340 354471 615710 1087265 803935 651340 1127534 1058340 116125 525908 284734
649878 1061984 927223 1145480 854634 515452 955516 879398 673483 1192203 1150490 1247792 1105891 536877 14338 1105813 691322 932871 923903 1077215 1082667 879660 497821 1005723 787318 749952 1025856 966749 1000782 266108 707751 201182
861752 585763 702415 1082267 659897 1019425 798542 651678 662302 527414 187494 1101149 156775 770518 65535 1105571 1041227 617322 327917 855462 981098 862023 874599 1192113 677843 1004912 1222313 1037128 986637 112900 955988 465304
650581 986185 1087382 1123360 715682 443356 997424 828452 963613 1059190 1175388 939603 1130624 536340 326159 629206 1062533 718620 1030468 919227 1214000 817968 382402 972753 750469 733730 698968 1034065 598750 320597 708031 349376
853717 834144 337203 973517 1008953 1264959 525260 649765 767484 744568 1021034 1025220 771927 1081063 1101069 629053 1132320 1071840 137063 1054247 197051 810774 367353 259251 760482 975487 218486 1030304 182095 616531 808541 462924
1064432 948485 1023735 516581 184862 1136616 1120419 892069 839112 1049023 290406 710542 1210753 770191 1078525 1124590 1119866 986076 446861 720617 766025 815673 734560 849486 324621 870955 810644 1142507 933643 491690 525429 334867
525231 681311 694643 1174413 172084 779707 659316 903934 1103042 1098954 530563 705832 1120020 770033 1251410 829349 516957 232518 656903 907529 1234977 879457 357398 1004193 1240467 787536 1185431 996646 1125568 214687 1197417 217639
861400 808204 294088 1024683 661882 121281 932268 691450 919311 552524 177983 1238011 1144105 1079209 590825 1134518 720568 844759 171048 627369 327519 953204 491662 540210 966479 384080 1142921 549638 1144998 112845 910699 294342
592430 1181656 1147622 515940 817163 27568 907713 650473 211254 1090481 812641 893916 957945 572799 247104 284584 730819 516458 1016618 858057 657148 1129593 200761 797366 810258 677370 1181800 997249 216585 330048 809403 141928
547446 1015271 1004247 1123342 1103693 543957 954325 861071 1199423 227819 120749 1163317 997996 1032688 1129843 1176401 314687 1177824 470377 948043 931479 1174641 286553 686880 1064511 904063 637527 659746 1173258 329180 1192783 802639
963688 1130492 1074242 598961 590853 112870 815565 1014260 800811 1040737 843989 227555 1208033 113366 1012829 690736 239014 95835 1095605 701688 472123 878746 656515 781885 220376 815645 1076146 1089020 524260 319988 596737 327828
1114818 620249 209690 1174094 536329 725377 657009 623655 562988 743762 446172 1016558 1088284 712189 273156 1106282 842500 538619 1229862 1012116 823188 1046771 1004068 977393 212894 871987 202300 1142078 971410 329415 1058793 376194
651926 412617 670751 595346 555888 996105 862023 904118 1253765 765535 448368 228675 1186869 339981 484239 220234 782157 549931 522619 613168 446134 879189 319232 766458 873672 1155410 830417 707262 1205593 196092 815506 785290
1072025 573017 274169 1060194 156184 641875 1047464 1142166 724061 157469 614180 951029 297684 1066211 926790 1061367 818381 684880 1266712 815581 257221 863725 197506 988967 625780 587719 1141475 808020 691782 353745 1069917 370156
860981 819570 336182 842980 106904 756247 682425 1070141 15281 734119 766506 1134412 1192845 1280828 1176404 171968 589930 868517 1213866 535678 260119 1005123 297063 760135 760155 828998 420977 770938 260936 321112 1048656 884676
649707 975671 330384 937900 1251049 1088085 681833 903465 1010638 986000 970195 371475 1217069 27976 891791 692082 592998 885841 287488 560553 162990 997710 319187 543847 1082207 355156 740425 830417 871733 365761 1129746 198738
814895 883196 564503 583947 275031 128144 1142815 650940 974761 1024635 658244 395377 676268 769984 532798 989874 673699 486688 299718 972332 1053101 547045 246620 1058386 987255 1006963 1231372 1055249 881923 113707 516686 364051
774758 667668 330643 704731 567995 544379 699911 996707 544935 553153 780512 784604 787380 302030 1215111 1010824 341981 837474 862195 623872 483518 559838 347640 656647 995551 638502 647909 733978 665193 115505 649845 732365
570287 863882 787192 640429 1125683 1155212 525103 879031 973757 257167 678639 364884 1153724 860007 841352 547615 563939 1257169 156706 1240452 148797 217803 318963 803836 694909 879299 1161174 620078 238662 197827 928200 312882
923014 1074366 966922 540888 152544 666326 708006 972510 511794 757710 210142 1219371 534440 860722 116561 629499 1123226 213720 990704 1028558 362477 672241 296743 678915 771003 893758 1182710 183228 739444 493649 44293 492974
1130353 412744 505763 788320 1131462 1146768 525134 1051783 746583 637448 1002283 614265 714463 563754 922535 1076394 997917 308796 169898 588484 1194980 649535 353818 975545 946377 975349 525169 1064534 511814 1081495 814854 333278
1048930 624201 548567 796490 1140399 1046670 787775 879737 668887 1058712 653444 1103813 572591 989900 665726 975054 740213 579311 717453 811367 91971 972161 317314 797261 944452 837504 778080 1007667 743395 737224 525903 307304
1114304 413449 703431 941175 1092633 166757 1060428 1228241 677557 230088 1071949 543639 1161646 648353 1127528 859284 852854 1233983 114067 648943 865356 980948 463958 707053 966944 814940 302458 1142547 589643 261044 152914 334245
790786 561305 457219 775616 961589 686512 1099801 987961 332655 681086 597213 949032 1236573 894993 1199853 1180601 720583 761888 1268299 718834 552084 1058120 461503 758070 1013084 974920 499331 811975 794091 491935 997006 295931
1260046 1087011 674066 1134485 992876 177470 650488 1060704 1025848 997427 969221 1113605 768860 899069 997939 691004 1108451 1133632 657892 1095060 805425 849255 1130043 962158 69162 954470 158952 808359 514780 1113700 997146 246456
571012 525062 1058434 934518 432540 1217624 746305 997703 601351 1184515 306131 1163615 1165770 985552 539339 1105737 1110012 1237931 672517 570121 238528 523493 294167 624418 770853 559471 1097618 975318 278826 240394 1058378 305581
860901 933674 1166593 937468 416014 565561 1048481 879086 232614 170702 874537 233037 773208 742511 826883 1046917 583933 907327 1165719 1017590 1185533 525717 295619 640607 757201 815566 1229901 1058181 893217 345205 1185610 888845
570130 810733 1109620 1059854 866809 772679 1114354 1058821 519175 706090 324842 1065739 1194481 1130747 629325 1059790 1014058 433320 1016473 834928 141833 571292 321081 560767 1114785 1110333 1238393 775778 564792 329320 651271 223358
570215 1001257 189034 678062 864256 541747 853702 1058389 581845 640986 552503 715539 776682 447187 787199 986056 772230 1176000 217559 1098642 246014 862166 256218 861462 776619 525081 859252 919018 329944 491662 691515 362346
571281 1177057 522458 913963 1130656 1190343 879464 992221 1100150 203062 1170640 1159347 548553 1104582 1128640 628391 648684 1161597 267320 1182259 790193 592581 462042 1181390 1259557 334404 306463 929659 1179933 332254 699838 304795
1037230 305565 1142365 1024788 1078899 767203 956512 650533 1029544 437006 124538 900717 991152 746267 527254 617549 1023929 102600 427289 240633 976046 626543 793471 840330 903871 1031337 760137 1126966 1236246 198857 67634 884496
1138808 682392 879598 315001 1257057 788489 848785 903470 309619 675768 782398 1033001 565393 1067410 1183082 323462 224464 864748 328111 848870 1045296 905639 294399 1003049 811718 823258 1201866 770514 823925 320489 1148865 53334
525210 1142690 331074 918178 572034 791930 1046789 680930 931955 652825 795540 279023 234474 943978 718726 1049847 239530 95569 114893 649775 1223906 969850 329384 665478 1122223 815776 1193992 800420 244787 623483 525203 344468
916116 878036 958181 973673 889642 561251 682767 879606 1157701 326642 973015 184983 1032977 1030762 977744 289667 524632 1193312 646140 564996 1145234 1058437 657753 659756 1177000 1233009 1210933 777075 225246 329487 682674 201693
963425 413484 951165 749258 804109 901127 962889 890900 1230189 965556 669231 1196679 569018 1238705 515265 628337 1159812 398462 956619 1058906 168134 607786 250142 665286 954266 143814 647905 997029 361540 434036 815185 947019
570693 556854 860542 1134615 1209107 738051 760469 649878 804886 834895 787477 1007930 583452 525073 1223988 628968 668656 371136 262973 560729 331108 1058949 459576 656738 811717 975918 1185064 777087 205765 461192 525237 1234760
996974 692931 922771 540525 975760 678026 595643 879245 805789 1280813 1175663 1221853 700735 676032 638313 769686 848752 542672 919261 975405 257150 605597 349985 681508 770987 982892 663633 815688 870888 320412 641895 460924
1114332 834153 344891 1248533 1165441 681003 911186 102794 435944 290557 973007 408057 161105 190252 1234683 815274 668692 975204 129946 330526 947432 522390 640193 247995 261746 814614 507087 962890 890774 491517 815176 144359
1280531 975735 204070 1157160 128297 860827 817400 879261 543849 744108 244244 1057865 544811 1145986 1222711 629361 1029807 998943 473833 923267 659066 879416 328054 919933 733099 1148294 828581 989854 26210 317632 1128013 29326
570469 798730 1081797 596004 843943 128729 1084206 650852 581781 1128269 796696 932543 660748 1058213 768983 759436 1139290 625826 1114689 651182 679843 649878 319734 665873 1038369 815157 1042608 1240410 907342 112969 1031273 4605
1210301 933924 553546 748001 925535 540998 1094603 1060849 952135 615143 1039048 66298 778588 910181 66805 294917 906185 822740 1084099 645951 76467 1231563 492776 624010 810381 553676 728358 701767 787852 124554 956382 483300
252491 975157 702671 718017 62922 1163309 602936 687096 681282 1175703 1248757 116530 959149 194058 628966 360382 1062288 223374 272167 571196 671155 821697 367809 1013714 625931 951002 783576 8305 132470 216723 815709 250326
1048681 966835 221947 817077 771344 662326 955818 548845 824706 1042210 723862 919637 1037256 711800 770157 458258 747494 507574 210171 801907 532516 626963 345205 1151556 909957 550542 1217772 733505 667107 205690 707998 27781
700582 640041 655888 1011241 666793 1012821 815542 878891 1135155 515854 945076 1249086 690977 535896 778792 215934 843369 160572 207816 970091 995961 616720 1003739 610550 924199 356508 1181544 954362 311570 939866 569018 205253
1203936 687186 623625 721747 781429 1103017 584738 878828 1058909 552367 639721 1174761 724923 815759 472669 234597 1123309 696966 941078 207826 469342 1048446 351912 883461 945039 614314 641702 1127855 141719 329851 1185784 1130508
540367 799211 464572 663933 1126650 1055894 1109623 765925 611608 333295 723892 406566 740771 454400 264588 116215 748057 526959 577358 700148 1239165 580808 362884 793856 660568 1081458 584308 760813 1153551 362642 603736 488675
520228 1104352 705038 1090429 820336 585414 777373 879873 616198 796657 222052 567873 678265 221037 1013816 904578 1011670 387648 1008665 570658 696051 1114789 338570 750323 528781 216490 524845 171999 1127591 211982 1048605 376779
1183946 1081960 281245 531637 903099 818469 575344 651708 362514 723259 1004480 440205 1195850 571349 269092 1105302 935726 1006451 855279 644801 260905 1070070 349934 955289 898050 226052 652254 628060 18455 331282 1143182 202822
1100159 536768 1281119 1173436 896550 192104 648753 997493 1003792 883071 304006 1110128 532130 703031 81009 1179496 544770 955499 125077 882609 1006642 547489 326185 560466 1142628 815533 1123578 1149637 846073 492078 985229 697410
570171 678316 917397 1086582 214198 641550 1111731 966972 1064131 1038025 551996 894510 200151 922067 30287 629188 885372 992699 1196567 736394 201280 570171 473143 772974 1038351 916191 793746 989541 322761 197868 879766 332287
570708 334935 196609 1001134 1060059 1109181 842362 996606 640495 725185 1041511 408527 684630 837686 746975 629554 199028 162169 941265 665414 359988 861789 312334 1086144 1150140 570439 777937 1142962 113578 328606 1239502 986522
570128 412766 975770 939446 1104216 269921 524974 879378 1224244 311556 756603 888651 994787 307168 1110797 274495 668401 601729 656712 984606 1072863 1142467 12070 1148434 616622 815343 253820 613651 463080 497909 878787 942440
570707 1047768 1017346 1139298 800312 994943 1143052 1142272 995026 552438 803475 1146037 1181630 656486 480050 1091315 1149679 858802 195333 916714 696032 747367 456141 205645 815616 852692 565600 887181 360770 803286 547703 459037
785843 1096230 1102679 932570 1009452 316903 861448 699905 1010449 192089 807857 1111313 1087085 775513 631050 321214 1011157 217228 219067 645188 1115151 524991 312907 392128 751208 723955 650985 733334 142291 198028 811742 924468
996940 412401 944107 970522 781340 683871 741524 879536 210701 541570 280110 531347 1256590 1174862 534484 821280 1024686 701902 1256476 942949 1251353 980368 360812 746740 652718 975634 565598 515861 933778 910727 526729 1125008
861120 1061571 767330 1014276 462605 950441 968382 1174231 1102230 769835 975276 1164533 471635 825257 928706 628646 635253 112324 114832 659032 581002 1183155 199048 739011 738097 45509 1236676 1127979 224506 229433 872557 137570
1127359 413392 715740 359831 985643 980750 815190 879774 966161 1106944 560454 938928 389825 781163 476442 244859 1279110 1194498 658866 812868 556597 425698 186050 618920 460290 1028077 836641 778169 320591 1004222 547621 423884
1198304 938272 535740 533608 448368 856763 938576 669216 1025886 847620 332910 678833 385798 535953 346728 555606 313779 1090050 270253 1034213 1219994 834229 286366 848760 626711 823043 114144 770993 1077869 136832 1035648 312418
1182624 551278 880989 977002 446172 988318 1069940 891670 544533 1040014 827169 682979 756255 955239 382581 456828 208119 493163 214944 697645 700136 901127 465200 1047993 590604 71553 647674 1143154 700839 292686 1130397 473693
570415 1173005 666449 1018533 1103776 506029 1127303 656317 573102 1007320 1239244 530439 651357 765901 748557 628374 864870 1004286 844529 867005 796798 777174 429315 761058 759774 679613 882510 733409 796717 112817 1203302 331540
666310 940251 198401 659229 935035 1032843 903213 879080 200389 1185438 898093 408791 1087809 691707 1054257 572925 784806 990832 1239954 514975 812621 215960 202298 726777 1038108 69425 746644 696269 429144 317788 1058893 485717
562557 678957 330280 835743 845541 789104 902577 728976 1188301 362864 680587 770596 401748 529171 1125411 346929 713216 260539 1226432 916572 265189 990696 312253 648322 571399 826622 1031040 989828 824184 427323 762893 260598
860950 892193 513181 1157551 594248 571759 791207 1054991 1125100 882724 615522 1254925 1148870 865609 294537 612728 940935 540958 1194762 679286 1021414 697343 670186 695563 1037866 1028199 157245 732369 887043 575106 741093 492713
687629 907051 203856 715585 662553 1040732 1165205 1183887 42530 966020 735188 620922 1045602 625821 1055723 608382 1051722 775946 1214802 1155202 671120 919734 497777 892233 570565 125775 1238017 923986 351190 265720 547111 463419
589358 509894 1091014 1177334 514081 720318 815759 525572 789719 640709 50580 639420 466518 899368 974790 223187 1022826 1280178 522786 1037629 336263 325914 201675 939090 758253 815230 1229047 1127716 557185 910881 1125371 199941
570373 666375 578300 1010843 536921 1163628 1142471 198034 1099144 909990 757416 1226953 1185602 454906 368432 955515 1001059 787764 736057 565419 152655 532291 490791 687465 821335 80174 601286 1185474 1262830 231011 370466 492078
525579 412292 1150561 616530 997365 723635 516899 1061459 668639 717839 491298 892252 1205593 863920 1103498 1180054 1009091 687058 117087 505830 959858 961847 319353 1148927 1054887 1112440 1163779 574847 720852 208292 1121634 475600
849975 852928 305003 781549 963147 239384 977037 585431 946196 718402 665428 872056 1109960 568513 332314 821643 781619 940147 969964 872600 995588 1142921 88709 916210 1063294 815075 947392 525237 331594 1148590 1141952 995414
421407 1017825 540886 680226 820734 1189681 1045345 504128 583182 260806 326929 648103 1200604 1280896 367273 629152 746219 1005859 698277 1086485 1240661 570786 295408 860153 997463 444476 739756 1103308 1119918 708772 565495 279144
1114905 413373 538063 729669 473607 576110 1127035 1022684 761051 1188777 608024 1240100 579201 715976 987461 761427 192100 1129301 1054409 697747 498115 1128016 480676 836212 619891 510721 1016885 1024478 1262049 290624 525260 472602
1069876 1139932 552935 704039 535539 433172 848892 970532 1112420 463783 873544 745481 894648 971644 598815 934763 1011352 680172 941359 751308 216297 227589 290191 799968 1069601 934187 484466 966468 560741 116080 809484 376087
861815 412501 562281 1012041 289293 1156965 977328 811440 1006748 865542 672486 265093 706482 981273 395607 665478 801355 1235997 283503 907816 466185 963571 199121 947961 870625 1013520 651341 1166116 781625 1102679 619593 136663
679437 907458 1281146 694932 826552 1281148 691586 900440 667902 610129 1036904 872864 785541 1152930 1078496 1105929 599960 151937 270594 603195 676281 1023518 189064 1164141 956366 207748 1130086 543910 698316 461411 955602 493044
992121 1039488 1003280 745560 996051 1162766 746758 827333 1166545 936267 10783 1025908 564130 536163 628407 1126366 218945 608530 309564 973754 206337 699892 608726 654328 886286 1202901 787412 994990 330538 113843 985571 790901
570259 545401 1122243 583078 1108006 886922 620410 1132948 71858 1029814 730468 1149972 526116 306575 31628 702831 1001083 359146 469655 555035 855683 516056 362674 901321 990059 215597 1058378 845806 712508 197599 547612 548641
963644 1188620 974889 583957 1130434 843928 1054812 903823 877668 948113 1084542 794476 593280 586752 470603 492206 571065 131009 390911 1058249 258770 1121326 326060 1114394 770436 1271370 1236289 540276 326561 789997 38519 795246
874474 1038258 284117 676068 763380 789026 849975 1036101 650889 984126 750486 119315 323249 716561 1003676 628591 1150089 312661 1238380 613744 209790 726780 366677 1206996 959043 945156 647468 1165076 240114 67189 860417 277378
798137 547447 1173868 1159575 180799 356677 650833 926800 1266454 249175 1076904 369311 1277118 27593 924070 1143383 950236 763022 601178 850322 887086 1054392 277410 733371 1037536 571857 945293 1126898 1237610 344719 690864 774105
853601 983374 913128 932279 806972 345525 1149638 879857 851948 1109913 759783 691574 727895 577225 282126 149492 583412 755063 434528 708101 1046103 940336 331598 616171 988967 452867 647276 1046479 497857 38147 1165127 22553
510719 733198 709550 683702 129363 1152216 1111605 815252 1177693 187461 28407 926803 230951 817019 585639 768540 963571 1034379 560013 1123480 316116 1028447 359065 1097395 1095069 937670 947537 1114301 972333 319580 4748 424063
570278 714207 336450 572172 286311 749808 1177779 881811 1060870 977965 629378 568106 1008844 943448 126160 1018491 1014430 684501 941071 950600 228507 871181 318568 1233473 632601 764620 815698 1155494 241233 761347 1259689 1198851
1183100 640258 650727 938197 488393 1165031 1112254 1061627 1129862 157178 687415 1047724 635679 679551 1138510 258298 601566 1205107 823054 747260 808407 746798 102436 764891 1174040 966073 910533 777129 1209169 113479 547559 724337
861448 646215 776481 676323 1190077 848284 605853 1198185 987576 1112344 620772 688251 1202963 536417 629262 629587 905165 785197 998390 648326 905141 861133 365345 559834 718268 122199 807185 1055198 1147745 339887 815044 334612
861588 412836 900380 713458 845831 446606 1111629 1125545 11799 1140811 530652 1011235 1190800 627193 1041410 356297 788423 305072 937305 1160725 957060 225754 1049706 1114591 616275 973085 880961 784999 1010042 915378 525579 470740
645010 1145874 1147468 1101698 999523 680577 702135 870201 130315 13244 1048451 369216 917617 84603 368177 628800 668221 158155 523249 760332 319269 1147879 250695 760469 1139703 734176 990553 1155670 937395 173859 547575 294150
777720 589280 1144294 970581 941937 804264 1136340 879627 963866 796283 723803 1173785 573332 870325 953620 629230 313039 282138 539252 917446 870092 349658 306668 1206012 707248 81918 1038015 815421 326407 336723 1058460 273326
786243 1116313 698299 973608 304762 792163 879481 547393 1168048 556109 842571 966449 1136744 519448 996848 225491 495090 221447 718785 1257242 679576 648370 493774 895419 975405 968624 517949 165518 1107969 1048991 853833 249729
1052874 413010 286880 391742 1014116 512916 620303 879343 369509 1130014 1188922 92035 772783 929213 780297 301317 489086 686925 661211 796575 571151 854004 345875 955349 746898 815705 1072134 669290 24553 230833 708133 15409
1128013 1111688 1068454 951522 114345 609962 538145 726773 1142831 661839 1110652 688974 1011222 24984 975955 1264350 558729 246044 268902 559943 574873 525642 354718 760545 1186304 363892 1167237 1003385 1196072 31210 397585 1104656
681732 975633 569767 901395 585797 751343 524849 1126997 404185 1006041 752336 392642 1240094 871372 1255288 746758 1090007 805085 470126 539506 321445 1026161 365785 1107531 1090439 815487 1233590 909243 1020966 116298 651242 484729
963223 1125252 522877 970085 941871 1097778 903370 584850 933979 307078 782193 1056736 1119547 939693 258973 512060 1001535 1006756 1238628 1125294 727806 522969 197052 866958 1232152 207303 409349 727856 542512 475974 814740 474026
571206 975413 605603 1157961 432934 943839 81921 814545 622050 870371 786885 831004 867001 637033 1219067 1271633 759795 754527 279684 507663 1022320 620317 315991 665811 112410 370048 1172358 1229636 317111 331963 1058781 334102
1264394 751984 1047026 701513 753706 721309 902143 547367 560100 623050 685077 1173328 878747 750524 933578 951999 1080497 312860 554355 331351 811265 964045 319861 671458 985884 1095769 1150066 566231 460226 785282 1058888 379989
1142552 903376 1258852 560320 716555 926830 811166 547575 274589 836531 700144 932466 915948 1071822 1233447 300189 1132144 627609 434737 567260 886321 509456 366479 610793 976086 390178 724250 650473 1093007 681646 89978 476302
700915 1060572 113258 800954 785497 636961 525666 651397 334080 767079 782057 691260 665748 1031044 601208 830916 1111134 727341 69337 820508 1003323 997337 351876 849084 1131278 894724 647147 978634 1099847 475580 635102 331900
846012 975838 1149115 1011365 665216 1237410 1141565 1234514 965829 682071 650549 351826 1191445 746268 1233116 691360 332455 466375 534708 811953 841175 560594 1264944 862155 619844 736499 707640 624101 259454 209078 686319 1077880
145326 1135211 906838 648715 171734 906500 989076 1054654 416183 1135417 756377 619099 677257 1102871 984567 629210 1009161 548382 867240 659217 124376 861700 383322 74531 980769 340144 968797 1034272 198540 482206 878266 335708
663585 1017390 1240022 571396 553050 1053373 821778 573042 545195 1148843 839367 119454 803435 915376 753132 629069 1011843 421744 1087294 865225 971751 991408 326194 659489 755733 1123608 1026089 1205033 1014050 113237 815748 202094
854127 524856 1114360 576675 1011213 534473 671776 526018 851175 1022524 546616 1162619 686665 1178829 1230520 380917 710755 14139 842207 626340 313253 756356 373442 1072933 538044 985485 1162381 627827 140066 352512 1058337 296357
853784 892291 855348 858362 908186 718466 1280707 52071 974331 116392 626556 1103140 1015952 861085 114663 628561 638818 49494 737561 784032 789869 861067 750640 538221 1058230 669538 992706 891398 600402 492320 1195698 262458
541864 962518 847352 1023656 798884 962659 524981 1054242 717711 746445 168692 831505 735243 141249 124616 702289 583910 780501 483349 685665 457272 647616 473006 853210 556301 1120943 782793 818580 51416 349770 822101 338451
658689 1024784 222823 1158974 517422 905107 695434 821517 804704 826679 1033950 169627 972110 502783 501031 886816 702508 200987 1210952 596227 662757 560774 497055 570896 626517 329275 944828 618746 956788 882590 1208044 199462
879766 1086157 1014470 1158026 1251319 918104 764146 956476 717336 1011223 791309 621345 34989 1226679 293188 695307 565139 532638 228260 626648 662513 209687 245253 840560 758003 199702 743842 525271 953643 883251 467038 372401
686953 1021387 622708 733482 1075112 1009482 552221 1094300 342867 25475 856200 1238201 241084 786666 16913 614024 956849 891600 1214907 865810 349509 815642 318428 658928 1038847 579375 598422 638616 420363 701575 1155632 296743
822196 413183 535658 610132 1034887 697912 1069499 497640 752203 693029 968684 1000914 687656 16791 1186034 842947 777091 263383 312522 625852 670950 742373 251744 613247 597226 815787 887993 1088375 569494 259536 814741 319618
1142473 525067 705389 815447 217656 593231 1047971 113365 1262174 876858 914135 1178469 552922 1153153 805476 193528 1035137 668698 924905 736046 996209 753186 203563 101170 975851 782099 923173 1127024 698917 115285 500674 750028
523418 679359 1054494 671673 1189097 646158 727393 559153 693111 795745 679693 664581 838439 896331 1216464 49336 1107355 1165776 441250 686826 157310 1138514 367835 214271 811619 109349 976644 938576 259538 195774 649839 382677
1069590 865511 488816 912024 1037583 303060 1074265 1127652 998811 382267 571854 550231 595320 662556 274121 199405 1116946 209978 761876 1125104 986826 547615 198054 1003806 909568 634760 584801 846416 745409 113243 1232260 492764
1234794 1000609 301437 1145461 500143 1088560 525956 649714 913042 1098682 609322 403037 947659 589681 1051615 551807 1190244 1177759 628180 697201 136982 709813 245299 603453 930745 512588 936864 1105432 318810 1060742 809078 199330
963289 1060794 726061 773057 992431 519431 700195 997306 1064213 1270783 835866 938970 840054 782126 1000773 628407 731512 419480 792258 687881 142356 547954 427381 973028 1080989 681968 1240023 721029 20385 576133 700323 1071390
575200 816719 348040 709855 663995 535392 1164413 1058245 675877 747325 433079 617077 723345 316142 706072 173715 543999 652075 1039944 1054849 1196716 861795 178330 1149383 986566 1272306 1031274 659094 212846 113516 1058989 206749
1232796 1003221 1030777 757757 941523 860269 1114490 1142157 582066 1195019 320448 1142595 947127 777234 188521 769629 602398 767955 690995 533820 144683 650473 483445 854035 909800 884926 906856 701664 1262185 249706 1142436 425987
442688 878018 786924 1024061 723589 136613 525176 536662 187145 617757 946982 1058672 1167232 1178729 1090809 13658 708558 19605 1205363 891836 247064 607211 458597 1149641 864696 1194337 1187895 825425 318385 329744 1229143 333864
1070331 688022 565256 572285 903206 870039 1097192 1037532 650779 554536 534654 1078663 1186714 776057 744791 635336 266082 528005 840017 122747 1021638 222826 479332 861889 623326 1005282 1048251 1088460 884 491642 1240672 216817
1181805 1150970 1054562 981104 889202 192282 650774 91255 805129 675758 786825 988737 960603 770638 1141401 398251 455705 137066 574474 786552 364584 303834 454236 989854 1005385 764594 342557 168343 135561 448485 660365 207044
1127426 585110 182358 534353 1032626 320107 811996 687415 583347 1044159 1179473 787924 323946 1028329 672100 346736 214483 1267355 807281 647340 1166664 927086 434148 1087306 616625 815761 728049 1143192 230530 339569 815847 457729
1114764 698206 966292 635811 987920 164832 610630 22400 1058981 687732 798906 1128166 898361 547604 788062 753476 654078 641796 486794 880719 532019 605769 331900 963708 1010024 849893 1171418 701291 744666 209987 1230287 480468
1215071 687904 126295 391569 460922 791022 698402 1022692 159401 905730 618331 1000911 942285 635770 530955 323952 610154 69044 671061 923184 361394 539969 427256 611395 1147446 421255 1198061 977827 1005787 616974 615814 318383
812902 412314 867789 1125377 701361 555607 1058361 834230 559935 687731 586287 1116765 955398 1148013 21220 947297 1244511 180453 1267325 746203 978406 515954 461305 1004950 505137 436996 86115 1001278 251644 1142580 615888 1213167
878890 412388 668053 173445 528596 1100523 549018 650123 1098620 699814 260084 639180 941308 1008044 761764 246825 1086919 949759 1011086 824757 1279923 964212 485978 860969 272175 940956 22237 1084529 508515 208297 568315 463244
1012984 1015766 780363 1075759 359317 938214 1127081 708472 932706 841923 80193 974814 786606 285270 247478 629041 655256 412337 671155 1139511 659873 785646 203249 988756 845728 877423 896370 793319 371569 198408 815402 460986
570472 687452 275203 650306 995566 725062 570784 861138 940637 571391 1055327 938894 1166240 899669 687505 877486 1035820 1158213 866137 898242 141809 880977 367131 244495 826796 260339 565233 648126 583506 557457 861196 292793
681624 975003 336857 839979 1214896 757158 1127316 705816 606871 350184 757096 940547 687971 1178295 691023 574567 938601 590101 1267482 907673 656197 686936 354794 665284 991744 383739 565319 552221 1149560 322189 1087378 372933
682830 961793 874397 1175022 958755 672392 723983 1058106 615451 1147772 966124 1120178 621817 1087360 1176402 52249 223025 976699 670327 1235202 280602 1239243 317586 1058436 1236474 937708 234048 787801 332509 290886 686920 261209
588705 666219 330780 571475 560547 1035742 737267 755874 598894 1140712 331020 1026252 69141 979305 529283 541275 20808 441182 722528 972728 971405 525352 320270 678696 839366 1012681 651853 1127870 526137 874696 157996 294042
525045 814974 1252455 253076 701959 608510 919502 708003 601477 712906 121680 652615 575826 182915 1070929 718549 786121 870961 602207 852011 344589 306053 278318 736814 991730 902993 910954 651182 235954 796857 525916 106402
1185161 933671 972348 944795 295985 640113 815363 1008455 974367 882785 624410 631301 795525 1153445 753384 580741 1030840 879795 842533 529586 390277 927084 317719 938612 793959 525148 1009199 835267 233571 331219 814773 470708
1127093 811673 1004037 1134621 169683 716575 1127259 1228203 974330 611497 1184775 1261568 910411 1085190 628490 842994 721381 364137 452682 1022430 335019 815312 332649 1178427 1148823 672261 270642 1240120 725247 1147863 815168 506174
786309 975251 330729 720053 975885 1135591 531482 686917 881191 1037759 617873 769989 746888 1153297 1100223 480766 1179032 731767 936947 777099 302190 616737 261335 335820 213336 1110396 825659 701552 303796 112868 1141698 232736
815558 767655 920027 1011940 182196 453797 699854 615693 1240217 603209 882645 1261420 1108093 1238482 1233974 967520 1024737 989448 671198 746532 1073799 1005042 497380 619952 1102974 682125 569926 672757 360280 113770 822583 141283
1061565 1104009 344928 950345 653396 73610 1130434 1186598 540417 983754 676350 955885 1234955 499444 245217 602980 932856 472368 731216 815484 1020806 553976 203180 647241 1175428 1149860 1183110 854968 1102182 190119 1265340 326015
1230522 850250 1084053 846713 903720 726671 755963 494803 777500 980701 776702 816908 845690 716024 728775 569699 124496 1189178 281259 742697 1072679 879825 195562 610547 1023275 1259054 1238503 658070 463721 266040 973322 298928
853306 762424 330277 1051352 844149 519018 935754 650217 1178111 1205879 411156 1126075 221899 743903 497040 1001584 950591 69169 1244004 1106694 260715 879337 491780 648282 975826 1173002 945277 607935 611935 426714 987291 426962
733486 413367 317218 1173157 81925 1178845 707779 903605 890098 1076462 804097 1054984 608988 130319 559551 867987 1100347 391801 193013 907890 879952 1058168 317294 601280 1017675 815423 1025489 709449 566669 335428 1229964 1125909
1100195 881411 616430 1177153 639206 706210 619367 879373 1122987 759846 976434 628082 125816 1061391 178425 628419 769978 57305 1211188 659580 139274 1050452 336987 733510 873140 849897 821594 955678 830393 1030360 1194266 373451
570786 1124569 733938 639585 903527 1139147 339887 682425 786666 582835 1006751 844228 752918 1226635 508058 348306 667969 809785 1182931 824809 638305 820914 446970 938841 642117 384428 568922 547561 1155563 328826 814935 674537
794989 757775 332339 702705 1114169 1053089 917155 681833 1138694 614093 620157 860317 963438 1129537 3044 1055327 1178873 1072200 635317 846781 1161261 818795 400989 1104133 706277 653542 1182722 646867 40418 303174 972649 260944
1257733 955753 1140559 35372 813279 665291 963482 678489 640412 1132300 1098553 861793 773606 454717 892931 482356 1123503 828167 551799 1041530 334798 861588 223506 281710 632723 956627 1181364 1114796 312418 270971 1143198 472926
702243 412583 1088368 1148921 283820 1281044 878746 1178719 827153 692863 994054 1001447 1187927 1147183 931876 1172981 425395 112893 1267000 1028295 223070 700582 203826 516455 1133729 946087 330157 229540 843386 323593 991653 202914
987961 413030 598610 636326 1083334 245257 649820 121234 914368 1051661 846231 1162395 626597 523835 359084 336810 730672 305259 283137 736564 204551 808066 326820 1114796 569687 125853 272854 1055345 261209 426339 815205 396169
266183 1019115 197608 724541 184727 822550 938817 1183959 1097229 230135 570769 657427 1144032 958237 739031 985786 998929 527517 923184 649485 977901 879424 296057 773664 574450 944938 788678 1138559 199315 113086 619608 357599
585913 617293 785140 907454 658248 677686 880219 682641 38310 1034743 692284 293011 963964 536415 1108728 629002 998577 1124743 215359 841909 569629 969131 381991 955375 686428 785302 1111724 1061637 1021792 283744 815171 353452
220613 547042 777820 573628 515248 542452 449506 584976 2729 685713 950945 516052 581101 255664 1143444 452548 558707 548784 886104 717549 1000440 144561 496713 934201 1176919 251413 859976 1239099 305878 1060567 525542 260941
878746 1017867 255620 620026 201712 793748 700776 255964 1102684 625572 880084 418315 1147762 572222 583571 948145 686276 1194802 1212497 775739 526467 523188 318952 707528 811937 1189065 1191463 1280886 473786 480950 1167428 260835
1127252 726417 321035 1086290 1009220 556187 822229 746319 610487 599799 969060 1144763 900919 1066847 892172 599904 1240025 635507 886237 12698 811878 1026915 630327 616034 1233746 937534 997727 519824 202849 667838 1111527 685131
629089 1159898 522743 1161534 969522 963843 1070270 714099 619235 914284 1185977 1280635 36103 1092541 628664 1257590 640679 10609 890199 548160 913597 571053 248092 783456 794243 695053 845971 164751 788259 1949 869846 318573
464380 766496 304749 1159603 1033637 699900 1058135 1192242 610257 915821 998916 76768 811159 1230164 793976 868028 290529 141527 1214295 823816 315877 997237 223521 809918 948197 595834 880707 787049 294917 112889 666033 1192380
733216 955515 208848 649910 942194 676161 541340 815145 841773 1020354 973084 285874 826491 516488 325028 883725 1103825 24562 1210865 813190 767502 682560 286476 665797 1119287 1049850 965261 541990 753946 1090816 815057 317314
196593 418681 552289 1119109 965378 716802 524866 878731 953603 337247 1037421 95401 1225306 750337 943345 299190 208686 1054706 849459 74769 1179825 584529 203808 860505 650473 871452 583677 814985 814382 297657 616109 1090875
1198075 1167573 676184 1159722 1128309 465398 797617 54243 552800 914757 434439 238369 1100369 1113200 220131 970371 619594 515758 940832 1047351 980420 687021 356424 666245 572686 1156655 821237 606270 1161918 329774 972370 368498
879443 412390 669687 905813 787977 126053 324280 687863 736022 993956 1219523 81565 530708 938185 944809 628380 747831 338480 746208 1072770 300278 651594 295038 861756 108843 384009 560849 316106 853769 216630 1184644 1130584
821849 1188174 255664 599659 857405 285607 763282 1012146 1054137 762719 1087179 1060071 1087509 260195 841412 930919 941128 41866 377946 896766 367748 997427 362358 574924 679242 815015 648643 733315 1271653 331680 1155030 334629
1141998 975125 296926 540662 648390 1011701 400772 24772 902639 532399 1151492 995879 691050 1166778 624773 288468 937972 498794 786998 1055154 346986 659322 350176 853714 685725 77697 956128 1142763 1112682 484199 624759 246941
853626 1099888 514705 709996 285783 499096 972327 979151 1172895 1069976 232671 590585 686939 1163185 1279233 512953 389030 1160536 105042 851048 697274 171840 66101 901631 975746 384249 1279246 547453 982494 1060462 1037491 1004249
616471 413204 598699 682509 169218 649528 246641 547434 525037 1075963 682023 1173454 686479 1026680 468575 697222 1011685 985380 554574 670207 719736 526099 496788 663478 144616 815032 528574 1054465 7853 1147622 1111833 47716
891491 1151360 544949 685731 834751 187047 1019707 650079 541373 539226 319900 911041 1058464 719731 786935 354897 739636 1160726 940942 337251 671459 1236333 333453 540330 1260074 1007079 738348 734266 523015 484097 537663 167569
861091 1142048 964209 1151708 806033 515807 1033743 879363 1271442 1002135 171004 1228202 851912 550553 401598 267663 688018 42883 1189323 835641 533636 547388 319675 1109888 631040 680380 1237961 793969 973002 66781 1192754 505445
571332 753885 857606 1172825 686045 1002166 963914 649739 975077 212032 677105 690975 547442 872043 1108650 1112753 1051135 1100072 193823 1123099 964530 848501 285905 848474 910310 970680 968942 966235 755004 319587 880775 1125624
651238 883322 329329 535595 559945 605646 815888 1197700 926338 1079530 675929 109982 1235656 619885 117277 439859 849050 69552 485616 805464 236353 958085 429488 666310 938306 879382 595162 701262 362125 124538 747022 298181
1114631 587244 694024 1085269 502600 755603 616332 1184447 928196 936695 917016 545784 1228879 761022 114035 613349 1052962 794016 1072915 536599 510646 550662 345768 630577 910849 799454 699831 820600 932415 479790 1100376 323747
547422 369178 872162 121472 1056411 736713 919106 61945 980388 963623 1063230 1252478 551924 662823 666621 664759 654528 895173 940331 648778 1003678 861308 293814 848463 811644 748555 1172202 1114556 133257 492303 1142031 473174
571232 879509 885695 1135291 557536 1163145 1058283 815200 597311 650275 898912 825283 79552 374137 730315 1001009 868629 666050 171449 979065 514625 849128 334526 234791 1166197 930008 734412 1055384 294315 1142365 1058118 334938
786649 821280 295472 625905 1080581 716216 1131478 615668 804537 1228682 611513 1153075 749759 1019089 1176718 1215716 1177043 16835 272156 1013015 796847 879223 474694 616421 680111 383862 996586 973529 1189021 215171 1264619 372253
647229 413269 1112818 1177041 22980 667909 733260 879553 1264587 727441 437997 1173288 593220 921296 1007375 1090934 998555 1188213 1268476 544624 762831 861070 319179 924902 759042 669949 425895 534190 1133876 197883 814999 317666
786042 658033 589317 558614 1049087 1048305 616216 546894 582862 233376 873996 676872 1182624 1027316 1090340 542420 1177836 1037216 708194 651194 355336 1142486 335288 1127489 216256 217085 1037126 1239723 625108 195934 615453 318772
651056 1142667 807700 637032 1127294 832311 861133 1059060 733198 583506 1131761 819216 1234078 626876 1171984 786686 819243 892497 991151 312089 225 1126858 841212 647669 976005 1082495 236189 1221921 264823 113538 547208 971573
846574 412992 832225 436789 981838 341004 477022 580192 533700 888151 859804 820010 772515 1141637 994330 257003 772475 124246 487549 896897 310647 175228 347314 574493 1231593 1156333 747626 708270 860523 115638 971465 200006
1207859 758219 960127 516535 121403 542158 879327 1058567 880695 1205338 1089535 1246039 325607 663902 1167566 30839 261565 200046 736699 684391 1175962 1012534 283438 849151 992403 922892 1037797 585773 457594 195887 1143116 203316
628653 310365 904305 551769 1032915 602178 695341 727147 649883 1067196 1047604 1005256 1023588 918420 975452 1179850 560725 1083225 1240968 892418 351823 862180 483081 16572 1100076 992314 597062 992040 661610 328690 585429 971863
659322 557241 357559 880530 364842 373586 645765 640824 743897 987367 883327 1117651 1199882 1267596 746868 627897 601202 735411 647627 941336 82044 818425 331486 647325 787655 596382 698732 990434 1156063 427790 547125 1244145
1081709 227821 742367 514709 113164 321389 682851 815312 864646 1061339 874574 776746 1198609 648111 112761 1087944 1139599 1147965 313541 812420 203297 786222 1189565 571062 1012632 319813 1055011 1185140 171998 493217 1208745 256026
1165727 413212 965328 735396 1104936 965025 903644 1236309 788285 795891 796505 562243 1095413 568715 746685 1011565 155458 1002885 1046269 1087287 991617 880272 1066677 1129824 796599 384521 1158035 903527 307497 280405 67693 346074
871257 624627 1030322 866894 550208 736388 837719 707796 1001365 905970 929066 187676 753982 626782 600314 629598 1080517 853028 170713 811652 280075 481108 336816 861568 659746 1081352 1127291 303635 1241473 32021 1267308 684646
955516 986222 978546 795776 874087 1156978 863871 926972 940732 668545 1180815 775829 1088094 427381 1000332 618927 582659 311704 168962 584859 542751 798398 338614 157825 1030313 460573 542488 543132 812630 115591 616098 615013
1037169 1125257 787456 330873 591124 955765 861216 1051425 1151718 658855 826264 852586 734511 640983 853358 629281 1099653 339226 313023 620308 478690 966314 369849 570884 1116704 701862 426620 1143543 200676 340485 547599 304518
861488 618193 537289 951378 572632 605339 623207 147108 839874 864487 950294 1195907 1203488 30174 560658 616606 788915 590778 1063958 955873 203251 570191 296568 860931 1280311 1149825 961417 615725 1258682 318314 588568 276555
991535 1086780 786646 1086916 1036102 542004 652035 1032379 382084 853087 1144472 1098940 970503 728141 425968 629249 599911 361392 1045864 524374 1045504 1224392 697885 657527 669952 389397 1236732 248802 717519 340243 198430 320888
302996 754303 1252511 906930 1055991 1280676 552035 879354 894253 1008295 1022764 665104 1011831 956811 789942 756623 792093 454042 792041 623605 256844 1130291 492283 1046075 969966 971345 209875 153150 947583 865649 68173 1130054
1061551 1038269 1091027 683211 638604 877177 815390 848842 589506 1105159 623261 332530 834628 715049 1215370 633967 727941 1148038 926284 584553 140930 1094603 319672 817625 974854 1033572 1217633 139488 1184227 318110 861288 364166
651289 622280 983619 1139133 1139553 973188 741142 690742 890290 433581 784641 705324 669160 1054798 750056 367028 906341 777495 922282 989908 703229 1142337 473265 955750 1141602 786694 1232144 1089770 545484 1016525 1054461 271997
877857 572871 990428 480816 840445 636936 972380 1142493 735858 626717 839821 800505 840898 92684 625147 271694 980238 1230307 848914 658332 172096 1141698 354548 848367 974506 371436 1227903 810960 271110 878123 787085 471592
853428 275683 892893 776808 546713 978913 1141951 618827 1105223 778490 998131 129910 975288 331631 289431 619948 1149650 622781 328072 610911 246976 720475 491705 769819 712421 273508 771587 1054544 296405 329607 765274 433580
570658 412365 981896 677439 957101 23862 963688 546884 511070 1181063 853034 269495 1139929 898051 544982 382831 307979 1172215 512546 613905 488989 864446 275479 955394 1032151 523958 1194733 801043 1190120 215326 813269 332021
570539 879240 198225 683629 569392 1033263 513932 672508 790866 570623 566444 907407 1147199 1116830 213965 387473 768344 1117156 221499 698623 484724 766680 362613 887778 938041 776210 578068 365682 275060 271200 525402 1138328
776895 1124164 889475 703775 609756 956155 963210 1058204 1014683 223172 1033441 24142 762830 400311 244628 273811 634005 884043 810840 963025 1040809 839896 327757 615649 627676 126014 870671 815678 320309 136596 45024 199763
606533 412533 194445 905800 1032808 603982 525076 84490 772653 703442 578341 1232923 265669 794069 493940 427228 540454 809362 1020337 1060641 195186 940755 351545 578168 1127133 712407 815133 810876 809386 1030801 1186694 142168
570964 1003740 1173129 1135124 531730 694648 650802 649796 207128 725661 676987 382950 942677 658127 1009242 368413 832358 610065 670349 702101 250354 1058229 475438 814942 691994 1173298 762669 1239996 504445 1103132 70151 366902
1165205 1224102 716503 1023808 1056025 544374 650000 628144 650339 1193754 944532 180892 554995 121154 781074 1180109 901291 596447 920060 1059248 927534 848553 223436 53346 880759 653341 919847 990671 312976 332737 616000 463601
812234 203821 928589 172750 916040 820865 849300 24784 1020420 715570 1231607 1004478 548036 118804 265491 593622 720647 885386 1221594 649160 776940 560034 201437 40238 1178705 1210310 912870 1112453 126225 493541 525614 348211
649816 617525 768936 1040276 781317 84044 539664 997675 569062 678836 287336 120258 1233353 627816 1076077 1085153 858362 906458 706255 613383 68680 935427 496791 618599 991526 69651 698593 691289 50800 317368 1265363 301100
525973 413124 319395 327294 1069039 1005749 584712 718971 663017 1175211 757757 20026 666026 852312 763608 552156 1119899 1267724 584494 706198 358089 1097386 345881 1048790 727558 786180 47135 1279257 637262 259790 810963 261134
1127127 1135365 983848 66118 29615 1039906 571084 821335 1174451 1075132 786513 104827 633510 1020387 915870 217205 1119251 311566 29795 658339 626708 904630 357429 782304 1081733 769024 45177 775483 754735 948164 923599 1271296
570945 1125299 964303 192008 278812 701701 809088 1112855 901617 470817 601529 999658 463857 531325 741486 380567 491369 1238075 947087 630001 933733 1054715 488403 1008830 757079 937705 845755 1048856 449812 623690 861203 289121
927086 412762 787417 1024177 27469 349532 585282 650162 668741 153620 471932 186287 651009 978400 233553 368261 599294 257732 1082431 536440 1094279 1257922 484364 1087186 823475 1162156 433526 666487 459026 217325 650214 763588
589505 813026 522453 683143 819491 184231 1278762 1048222 935919 1166723 144832 545709 89396 1112958 1025429 1155156 311315 809508 272421 292891 374212 1115041 317893 442736 1072204 925294 626279 650078 653163 264803 144230 1107843
776628 149588 962100 960270 819873 201760 525271 650659 583019 1014989 467808 991248 301194 975361 570484 849205 1012042 794514 131000 892330 732910 1031267 379800 651174 987756 1054733 802778 1139707 197083 319314 815354 200350
