716894 1178750 789905 1135302 880527 900624 658581 574631 990657 1221795 920301 837929 1004215 1175288 603048 753400
623474 944811 635088 823645 525777 564818 66855 536002 669250 587704 258839 1080014 604513 579546 990657 612816
630136 515806 946505 749017 47629 606233 442878 820368 1192685 611106 18607 1078337 811510 1097739 1072613 905676
564734 1176718 215236 866682 542655 1257416 559667 1192373 956281 690351 1119003 634920 516172 907101 1188414 946493
1027347 971347 1161486 281169 551269 1173175 541450 719419 574098 117580 890256 746354 815421 619889 1174767 1068143
996354 697432 303964 630982 1037120 668493 1231619 513529 558516 807886 1072515 902708 1060043 966048 340419 891116
1039536 1266564 1231198 817785 536187 955925 1052483 658645 1239677 906657 219006 572646 700419 759854 799059 725685
1150870 1175933 158816 863705 775245 210637 664272 746719 1280301 883230 890789 910058 635991 1030468 769886 861916
512926 1189869 734785 161759 542886 528965 555827 818997 846825 60052 254625 1006636 955325 579438 945495 400798
735903 1022782 1195487 545295 645394 1107917 233229 892683 1264620 959256 953708 687207 580023 780921 991388 1107347
1162241 751704 953704 805490 1121634 602032 945557 361354 880213 21917 1011718 747801 624342 1087010 802050 745520
742418 785189 661230 1130870 956396 591076 1147904 570884 682590 615577 873995 83642 651568 1128999 1240991 582741
809672 975009 1141636 883585 1240962 1025599 756351 1235002 1240931 1128083 1159199 1221216 811829 864279 669989 982409
944317 268125 1032767 1101352 873283 549212 173207 596439 1239599 725377 747343 1053423 880230 838260 1197845 301665
317365 976017 907669 1205906 574551 1106866 35914 169032 706819 1018146 865684 612860 678041 545038 1234848 785972
1163918 138308 724075 811318 1048392 1173496 720128 845972 1128016 610648 906192 651680 289379 718196 910954 599518
821082 1231187 789569 921700 795500 825693 327133 818853 929648 1034844 41208 617156 1151959 868081 830462 726317
564996 699686 786071 1119663 1155503 363113 547042 1088408 699213 827934 976827 541016 1142065 834620 1131472 1228157
643809 716840 669039 988700 412798 768270 541361 592274 1217321 1158053 733649 136572 932913 706356 1234760 945714
1027550 652878 336946 714979 694744 998778 210497 181192 880408 897985 1110346 1128344 648457 1175294 1037692 879688
624251 528305 308548 880927 575179 1122927 745772 139670 1238937 1279603 752578 83166 787655 701243 1185626 1134454
751406 695563 980578 1018005 567489 568262 625629 273563 1238885 510896 875994 882839 760704 760704 698687 510772
956656 701893 253871 341799 161817 896388 1006282 27179 1042337 1034497 935726 868566 750230 686245 678579 530000
574201 691833 324827 816716 1154835 974237 930054 1007434 1192571 311814 463466 612374 1181424 1145874 542773 792707
1055430 576030 1031430 1101467 921853 881369 275363 733291 1054123 1173942 261635 119644 670586 1147264 880000 1000777
697151 653077 66848 1148629 956476 1025676 1158147 1211240 595503 334080 1023938 56519 959549 783673 651340 743915
239097 628546 976699 219555 971017 1256684 1006623 250299 880355 650869 333170 1183237 768015 1147306 525550 1075474
564158 745032 290422 1113972 996348 316210 1045540 571526 217320 796123 598689 229977 894472 988371 669088 687096
1117844 1086138 205457 968420 1166784 692312 1157730 190608 947795 398077 453605 1220677 638321 237632 669885 847022
601261 669471 582309 672604 1234067 434539 947988 555093 1060609 896739 733959 775227 293733 579910 880301 542841
1162106 615653 537309 210685 1239959 272959 1221121 589984 877795 1249121 782129 410559 646801 962482 595226 523036
1079695 668946 538733 1145327 1186565 698282 245721 1239905 1100108 1111787 846912 692218 880738 1083096 540220 1085142
84588 537289 1011854 686132 648098 680704 1204120 902931 595216 288829 1076025 1074256 1235345 611959 922874 601788
557114 426610 532694 598939 997057 1172727 693643 719153 630190 852011 668221 705523 786926 1135221 1239547 1123662
1077756 650872 686410 284685 641704 681129 541258 229963 648069 639726 192100 1058171 811980 733334 912036 745152
215767 550526 977005 1176607 1183524 745593 502466 903839 669583 462356 1158974 771977 938049 514147 838916 288573
488364 1178580 331371 721065 793999 1001520 523991 1164421 669912 1173587 945015 1037195 957681 950623 652004 653982
556792 593451 951411 306610 627174 976563 1061763 1184392 529720 900640 906333 971908 1150358 882609 944683 1109964
834757 871264 840563 992750 787722 1102389 1228264 728365 846684 410129 950664 818838 1003753 579426 922998 24054
574229 1168527 1006704 295387 1035459 1018213 769505 1225439 1150976 407927 723526 873682 1160947 619200 669542 531581
1150307 781883 805390 120683 1129953 1000679 713515 597118 595326 611520 690889 155162 959029 1173154 799586 1004597
499807 808200 653804 757872 1165093 882305 715860 923880 236461 466177 941238 897858 972855 1124719 835182 860040
1112880 536365 242179 968833 871951 1025388 609131 1142056 1012876 934174 513739 808763 549781 613112 1038892 906918
320062 203888 296016 1038627 969116 703971 666140 1183021 845806 879153 920119 398160 530411 271446 1185962 713647
318762 586167 323346 624650 1240609 319740 331451 529348 727032 1024410 848817 721303 623335 1148886 594962 1050724
217570 682486 198122 1173767 699348 873449 1046730 1188287 793158 1262569 752510 1062084 793647 787627 1241157 1145878
680381 778568 245436 940506 531088 962684 1076392 691192 1189034 229750 1110690 969235 1030468 331466 947360 668567
767845 613823 950754 905662 775467 893824 820188 708203 1143158 686017 803160 747117 761020 212894 707754 1073703
1280490 639789 1280096 308395 880348 1101384 818669 845818 595832 346929 1112497 941862 860279 512999 976543 932175
502533 890602 1147824 544296 877861 963535 690583 989421 1239606 1237715 969279 709360 917446 1149284 991002 548785
255273 516536 1007774 571475 566648 832348 895455 533758 912036 629551 856756 967339 579877 1087273 947271 968864
923663 679305 1210515 1159016 1113144 803222 982898 527918 1151514 487924 541632 1221121 841359 1088340 814820 685714
993910 279189 1151462 571607 972849 703838 831220 846835 777937 1158747 748754 1035155 1088238 1196162 812778 931876
1019323 473090 533560 891889 1195263 1011954 638697 1278442 589871 874034 1110225 864248 692050 1125261 1187425 1121868
572177 920047 743302 1062725 707738 582488 811703 513932 619238 873749 850812 325151 891334 539504 846645 687389
840665 797487 1236531 866587 870883 677687 1126465 1012419 669791 428203 1089256 1022470 1156928 139053 553078 583487
609701 1232813 1208430 581992 707515 1001678 1220849 1184601 968571 963312 976867 1077503 268657 651568 880571 963604
1055983 992452 1129915 1013228 903857 1147611 768100 760768 816964 882435 1127187 317204 958271 1061351 1129752 866480
1073646 1240252 683701 787362 1234212 715258 600346 8542 1072565 1173372 1089413 1230271 571596 222864 1240453 341765
1136100 716313 209973 870635 733718 513823 303879 1154079 1070293 602356 767160 626636 811563 825412 929880 511750
1129421 888618 1025888 235056 746869 1176050 930916 881051 815273 724574 1107251 1147038 648900 1155865 669102 712814
1102310 538193 1183997 760399 553434 715205 843688 1112865 955991 718291 981418 284725 1133367 1279174 670027 739737
795075 1234727 566728 1177086 761302 895177 284985 904150 1241157 427017 1012048 981969 1151156 1265520 813139 115684
187676 760838 310283 328307 741146 570420 694057 880931 1039691 977351 693327 612865 972936 704783 923986 1121496
555872 1054254 1153766 860502 1133795 1173559 1063160 678854 563456 1174683 599871 1239613 959857 823290 207230 522744
425984 680871 1150806 692918 78553 656173 273689 647661 1142430 269827 1253514 818678 565491 973942 1230482 906554
566682 923836 1223554 212966 1130241 1038871 611024 1236705 1074151 636140 998278 820354 657685 670478 1070293 1177356
1159822 944168 1237417 692050 984614 977101 23103 1054423 945142 852217 703255 892965 942949 28308 699509 860756
697963 757328 1239079 313948 613604 584048 25637 682666 1239502 1018213 906262 625909 792495 706968 669344 782087
1266462 645895 1191159 739281 1071589 578225 703445 903831 929709 919437 997939 1072941 756776 744819 955813 434611
234553 332279 289754 325477 113148 582433 1034418 52691 574741 731611 737699 1034110 760332 514211 1112117 702862
235914 113366 727675 545319 699094 1101621 1108575 1020958 1131472 1243628 848752 492170 699953 678560 946046 1001609
780969 629189 1162523 819268 938658 710198 732144 611785 830722 1060705 914304 694054 958496 929374 839023 593744
1056500 628700 309106 814661 539283 643986 734313 1230544 1030469 311422 589964 1258764 630824 955610 1237235 881486
793362 629713 1176636 252870 1150961 741591 66650 652001 1070758 610546 211927 173257 580115 81883 1238619 843018
646226 811360 212624 544081 1048536 1131503 1105018 707278 1072613 1196190 720370 930039 1113639 1034959 669717 640481
779141 679145 167611 1041794 623305 524516 529430 1207399 648225 280986 1102295 1063807 609842 1174078 1236286 1120226
1114306 803645 899230 792556 742039 806093 1006490 747143 740204 22447 904778 1138489 727935 311523 1012582 801480
1064952 295755 253541 866218 383928 636659 892734 532209 602725 434241 609184 682340 699753 892910 1186215 892818
330082 745620 905449 1070891 1156683 866254 767262 719787 1037692 1195907 1086858 573844 580452 657838 505943 446322
319946 654138 652640 945511 855418 991423 977194 719709 760213 1173590 619662 75979 501861 568796 1234892 651399
1056602 1086058 1208535 283371 544066 1173784 949562 734949 783043 1044338 977241 743734 574481 101902 1197461 613916
957577 1108394 812086 583502 563765 980370 262423 989076 1240208 116482 903872 191836 972219 746239 1129463 583672
195851 162175 680590 593193 230695 1025068 629649 682585 1213717 1024071 740220 549978 1174018 478236 647666 669022
944134 898409 614919 176493 575257 122080 1075861 957344 923523 582508 602081 879951 820789 663371 734880 834954
1150886 1219150 772036 883217 1189007 1017948 802318 1113095 1195138 747319 650118 1116329 541880 589558 1183524 883956
725232 746580 1033272 904038 886541 854338 653050 1142662 1196643 911041 653627 599068 228209 931966 964455 966706
1161537 637349 890429 622128 845798 1123741 1086034 939564 644707 1090688 963493 1129463 269827 951941 648130 1073879
590134 537928 1108521 796560 579844 1025603 619784 889804 699505 747143 1052220 667077 585077 1150829 1037160 1178841
819593 502906 606048 512069 1186121 1051656 720557 882306 917699 1034484 1079113 1134636 539270 811977 1239788 866186
760597 672802 928687 717710 878427 1012086 1153236 719822 969404 559377 749409 744072 537613 759026 564602 880732
736509 153997 1082184 73588 834207 1026049 715392 1190373 647303 626695 1218617 1004920 290384 1154417 666288 359237
315754 542394 599711 287642 936539 896056 921220 840410 1060508 610539 839936 591192 765377 1175096 924063 1062547
137524 414237 614684 883173 1108919 226830 666578 611462 1234487 767484 389030 1064093 746828 858506 253325 985234
972125 1090752 328083 610956 557946 582975 686107 1054381 944941 1090808 1109487 359641 811504 216431 793573 544895
137966 691590 544104 521198 766132 858056 956532 819371 1238424 916158 951745 365192 742630 1165266 1197354 1157285
742799 690581 956583 714082 845688 980910 939275 743075 946874 674256 1011939 927232 799164 887325 1235515 160012
1147785 1196048 249335 1026213 1233485 896138 682001 1184021 1239998 974439 1002343 1214385 1280950 812172 566162 866763
948583 574854 927516 835787 775316 589412 737989 858557 1112625 1172998 541136 396346 938658 611900 834130 675504
898770 602320 903400 685768 1138653 294870 891796 763461 880571 278630 744553 39729 954283 556452 798428 930726
889270 113707 1086795 839233 722378 1102145 143861 844958 757868 1053565 1177792 542542 1018554 545172 605578 522834
736112 320319 1032761 853444 864733 1157695 731911 983392 653258 29400 1035884 677526 39636 689005 972748 847736
969585 682001 599133 1062968 702048 548958 285350 1265091 1171907 1172908 650167 839415 695765 1237226 959367 649765
1154604 323804 1193938 977751 996151 962541 1076755 913007 969051 1176903 533058 982345 651152 589948 603084 555547
1154107 548680 1141150 1129002 269827 599250 1181246 1046664 947373 106570 496149 913239 691847 975785 244841 341676
649437 1183524 1265111 651469 790942 558743 748918 1047086 798977 1012704 1221886 437006 543255 929739 590650 748359
1238149 1141525 1196904 903916 1061345 1103724 687345 1189552 253325 1180089 617023 919540 637853 812420 1060136 847145
474367 624259 197558 577883 665932 453904 1107333 581094 946936 1039825 1069636 22640 351694 1114425 845971 653027
646380 769885 805226 1119087 1190267 750091 961920 670186 846654 458455 729605 620316 787329 593411 594767 1190733
472225 733435 113735 694473 989076 599150 1006710 134945 1230621 874098 941037 1278594 733826 671725 1060889 578228
783323 1046298 777614 1064253 1059505 1172839 402704 630004 574551 947252 511221 1229132 737515 1172910 1041541 1025193
699412 758111 226306 725788 997689 1025658 1092544 1134208 1010681 978688 686081 630406 546893 882527 408872 244137
593318 794 38192 934204 998861 877225 653880 819277 798893 611203 824787 216142 1224063 1198235 1154315 1009989
1066529 639476 1033465 1113468 1037016 817495 983624 820942 567442 366721 579105 1122166 690728 429450 1193795 839329
661602 700788 215244 1009843 769301 312392 1122894 727935 1238951 919347 543900 1082510 818573 144369 1135699 668753
630224 1222718 968714 1159275 682499 521215 1204763 747105 1239861 1001364 580082 909254 754777 1151847 880482 783349
713546 947952 776399 274967 1226428 1051811 666070 220359 529215 741917 1161469 534770 800362 638937 1041869 531454
995853 1080332 303949 902485 908828 1080516 1005803 290384 529141 14629 442452 1013747 1113095 590468 648543 1025219
970547 414001 983896 879509 1058514 532960 743302 1089327 524931 941398 893785 611356 1008257 614727 1217321 583493
570786 756936 893768 584241 610334 527776 1076331 1200846 807554 287038 747893 990788 616374 797423 1239518 613388
1104533 1060813 692489 877546 996886 587400 1054507 968531 1195588 1002772 837929 400027 1003130 380209 616940 801258
897106 1150693 923654 1155987 962164 836620 648438 1133523 1036938 585572 959876 625319 879693 283824 845806 650167
788911 727050 122097 831745 518469 592797 78722 845734 670164 1258883 1051739 1040269 244573 811568 880463 829306
590762 1161208 255085 583489 1219314 489224 627487 819904 708210 676946 761840 797394 585521 773110 922220 666907
912416 977744 511103 720309 647348 896322 901432 1009855 670176 1011545 250902 363928 359199 934583 595108 920765
1176053 983310 873032 1175030 1195278 900807 876150 657775 635910 617705 617140 926411 1059213 678332 1071762 893059
1078569 778285 548867 312866 652001 1051179 536982 757203 669858 611515 841701 656507 968446 923479 1013112 711703
990269 215605 935525 1166163 799263 469063 989688 243824 594767 359823 905269 736999 786793 819070 991042 584326
651197 1050410 757910 744698 974817 1101562 420209 808654 846000 831587 1189417 893727 628425 758578 1190867 722809
1257334 565066 289607 948000 991352 601192 311985 840834 1143181 617784 885095 1265104 1207369 1160906 946268 389015
877719 678053 710607 963720 778868 665568 914872 535377 1069911 874484 533460 939034 1177606 619608 1238977 1071091
869970 944182 273936 311668 876550 1125901 730880 734418 880969 393785 1062911 945876 1116565 727485 152881 887025
739851 728862 1150105 215867 793200 564410 610447 1112356 647594 895649 801055 724391 788646 1173706 810685 1210321
523387 893236 1076146 1097240 1114438 654013 1197856 535687 880276 408790 1100019 911116 783420 1174930 1121634 790280
602665 532798 817866 700447 1174169 1256733 568386 851933 1239900 676867 1013477 1069959 700159 916965 973838 1137715
1089630 879738 725125 1011453 1147023 908696 40182 609767 1130014 1161861 1012479 723409 1086721 973002 1238454 909743
943349 618515 618969 988708 903570 717495 816336 420317 262097 1243689 541444 232304 770483 868217 574741 1161272
694473 537505 1087224 847562 880230 136012 560941 816406 682333 728633 905109 1006242 1112940 758070 603112 841014
137684 967525 463801 372793 22179 929418 529678 571615 1060889 579686 1119357 611347 880645 827992 230101 898042
278797 777470 152877 691847 1185000 998021 664481 932307 1165093 242718 970204 120898 811700 931189 973442 747827
597177 692869 151343 1011103 846337 677837 1207398 167617 524845 677163 295784 698855 653628 1100154 683886 940576
870027 687605 961094 1008591 1078625 786744 304302 1074379 669989 677504 536199 1065653 770467 240370 880168 584850
943460 761832 1105913 641568 415386 523307 872757 526536 313560 633747 1038946 886590 733297 615598 946341 1063193
1079066 626979 880970 1059058 728721 695145 610640 532369 944999 583902 733719 879738 902931 158925 756031 1137267
1062189 1184669 1040148 907156 849865 667549 593920 780570 799328 635336 752944 113315 792724 1103571 1005129 20297
552139 1186485 852337 618403 616338 609373 302700 446784 663716 953804 906436 507562 966143 879948 1236014 1107303
1147258 748351 609065 951513 728204 524390 619486 571647 787077 616501 770200 804139 760310 580582 1205549 521242
819606 1115023 952363 957082 564499 574548 620918 695586 946056 685782 558940 15646 221194 816765 880259 1176971
820117 1134662 1011582 205165 547368 817726 336865 548994 1061278 610628 913410 985510 959009 811982 648318 520994
820484 1219601 557651 422717 812511 564468 97602 1167283 972873 101974 793123 1106945 112746 808984 945070 1236684
951703 265407 581260 976573 585340 905257 660568 993652 923483 341678 208553 1100887 670902 896612 870800 1102388
332597 778545 547549 560306 548201 539530 939769 1032404 1184471 611462 20399 199102 1113200 1001394 506042 602903
962505 985100 758252 1004779 972927 328229 1148757 884167 878848 873789 575837 934252 1192778 751961 68467 66950
1161465 1232189 285725 245884 1053865 1038559 971001 548810 702086 874256 866823 537096 728297 1174526 937702 1001118
1176327 865432 983291 686971 652401 903822 743970 1182766 923768 883442 1024859 335621 608589 612279 1219892 1232921
1004219 738573 865317 817274 1035494 977176 568728 77699 615985 712286 676357 506686 658871 513612 873139 760220
273747 1032845 915786 1278648 1197939 640250 857298 808563 846579 121504 764962 760220 707469 810845 1036653 1200165
1113721 273673 236003 1090863 1100017 992717 741716 1141800 1238754 540417 725682 564946 1147930 821073 1031370 801495
749257 727875 789340 608295 1006436 1149619 1006803 369598 755320 493803 920578 470468 1200643 907141 604707 583488
1122699 354439 1105150 539248 1088087 720456 119915 1256576 1241922 2578 541072 1075697 757029 955264 265347 262097
1179283 986127 253518 259636 209331 622858 1087036 610489 997843 1159676 1149679 601010 337895 867887 698933 1000614
506992 720916 303616 964472 878657 527845 336433 1261007 1186402 169735 863876 450052 336789 1131427 1037676 517034
421740 815403 361937 148606 962474 1050155 788290 735376 1087984 987893 720005 1139125 972733 830589 648307 938735
344037 953128 207991 937290 1037153 801909 1107825 1189722 923096 246027 532914 1093438 85455 882864 560474 605569
1203610 649746 889981 1062643 939719 583606 1236300 1112470 1229339 738861 860522 991908 1098386 882708 880727 222834
1161360 553675 1174949 1061879 997183 1178224 796190 1101650 1031337 919311 812684 686852 787381 1179592 566319 295985
507115 708100 306371 59729 525443 328097 1279235 1241156 696182 1024151 599453 246881 1079102 1004165 972380 584209
301374 1046398 778795 915225 1111793 985016 541040 580509 1054226 339530 540828 435783 799195 1050154 936384 802065
689394 616420 134197 703621 610659 571231 936614 880666 1140995 677965 614698 78553 864090 1020965 647533 710105
1140044 232377 52590 572579 735376 522387 1086669 1142486 1238809 391180 1075391 583172 945289 840800 669825 1166571
801919 611064 877738 952085 206887 242218 137136 525099 628062 1024822 473888 536672 623834 897590 990099 890651
307696 1174135 931643 808813 996744 1032553 787387 971786 765880 610555 258909 1074713 694811 756982 553983 1141943
306113 874299 786104 668845 634870 583173 757505 1072402 973442 1172911 1110503 486789 1113261 532107 1143124 1137281
556472 594529 807204 730699 1197460 1001371 442666 746388 1219889 795870 667203 598932 787327 1124522 1187440 1102428
542498 993112 1060098 225428 47581 1173475 796142 572222 923515 1065902 774495 1005075 992879 651618 528988 249184
557118 1077331 525462 856694 571966 906816 1077157 597906 1240659 920778 653950 113273 815759 1216925 1041629 879084
669152 930593 749844 974128 682802 1223344 1050024 838836 1239231 15932 1064341 687267 891921 308360 830330 1108318
706741 207522 1183420 951155 1228398 680375 211316 1240267 585261 980179 795602 119699 580264 670981 739609 1111254
1069269 1055011 598863 254261 1212765 951775 1036746 1164475 848343 573250 1221946 17208 1068193 1047819 1150160 854379
729719 787333 613895 608894 511343 463033 566925 1003607 669725 611068 523125 723424 957034 362911 838880 434158
502508 895584 593041 328272 661981 582890 1184524 154871 1133632 1058171 522944 1206762 793569 985229 1037673 745267
792042 893311 1103419 1158886 1037282 994047 653915 153835 924158 874158 640827 641649 734063 1173228 646121 1176605
357167 547132 580973 294774 996641 1173826 767309 942272 559154 1103208 976184 538170 525719 1012333 610826 1099026
295972 593435 327206 848372 538783 700288 1048236 733718 603626 883108 522958 1205941 1149611 767099 807703 791340
789557 891140 874514 744872 812868 638696 804239 659066 648723 170469 901613 710225 880193 512981 602933 778465
1079065 17498 1080650 974435 987561 954143 1202720 359578 1116543 841788 1034965 747979 1060418 241952 648253 675686
743247 1175444 528992 1033750 1114572 810978 1220491 734716 880648 927724 491413 122929 1112793 631531 543400 890763
873670 975487 1209164 931905 413136 437168 511110 648253 878705 71439 851529 1003183 1081498 1051671 648638 940446
1114014 258674 157630 1149387 1187406 1239247 515671 729365 854743 560658 950585 1020181 1054927 784201 1037106 796783
859763 687861 1087023 930433 542687 1195217 193136 1147267 1188745 572354 722031 890914 807772 550866 1241375 650635
1036958 1086514 796786 751426 610580 113379 1055671 1037512 220376 422841 1161830 760572 1167072 114767 669502 835473
565224 1101160 1186129 973517 1110149 1178199 1079177 238568 669225 424869 25937 1148018 1068615 883432 924035 805090
729769 736354 616845 515623 809119 882381 1013184 795791 971911 626017 1023891 491337 812059 1135861 794399 570509
1149724 886593 973560 1003516 830816 680251 1216228 694913 1194596 740966 677808 1054665 226788 503115 646333 650132
924700 515973 327790 752073 1069343 556257 337106 359922 596916 610359 864367 961701 547062 677190 910583 883435
775599 625973 705942 1007986 1054134 1172911 987381 1063791 991477 966362 866932 1037474 787932 1160346 1238436 522824
127178 1159648 302618 1178282 611365 1038809 867220 796338 1268460 391966 123160 793594 652033 665848 662294 1123089
734482 757293 543457 611795 908947 257111 905608 117420 1185901 136306 524359 123446 1113284 965262 969562 1051392
948974 601577 883772 720278 863792 1062738 951116 221140 734880 1000492 875172 628076 1150750 686613 648300 1101282
944721 1197650 673976 725089 1008678 710984 554894 967258 1184410 801282 996707 1158743 700100 741206 630190 1205095
