830249 130436 312171 161074 848623 562615 295472 170514 288526 31510 25108 393351 787628 1130837 1153565 535702 775860 336088 196225 216561 321869 778347 130439 678873 313784 124093 1060032 1131066 457401 775171 226182 129227 196917 531121 912711 775651 1030863 333743 178822 1058667 423962 202652 716701 932021 283036 196633 892232 18893
831243 130362 312621 98511 753387 594919 202877 574865 348804 244513 25583 393890 787428 1131520 1152893 535921 104954 938056 195733 241814 322085 1007545 494329 776448 518421 124139 719556 947365 859715 776218 622580 603634 331364 1064103 877795 937363 1153988 342781 170559 1087825 422699 203867 761766 932223 263592 249472 942606 14140
831018 232353 626610 878023 848834 845692 203584 169928 344389 490359 17167 394037 786961 756792 1152676 535418 105994 937775 195879 257970 220828 1007265 419438 1095760 97853 271439 1060087 1030863 456853 775272 921364 187787 199750 979931 1031397 775905 1030979 741315 173777 670240 249994 281502 716841 166974 264212 196745 674081 13796
830622 128754 721421 100147 648786 563296 452131 574112 347766 857740 25167 393535 786720 657949 536989 536486 721124 325323 1030863 234994 221623 1040678 1192120 459163 97553 123282 704241 1164690 739106 775690 1052262 128156 199686 979573 649530 948234 1030323 303769 179423 969525 423187 281113 716954 932181 366557 249513 592700 14218
831152 382229 758145 94669 1151162 831204 738360 170769 932104 665800 25009 393373 787776 1154469 1152665 535562 967205 1048648 1030570 234025 225498 1040660 819887 775219 518381 897244 704258 947429 738939 776123 1052045 602819 362009 506200 1150118 923182 1031356 454754 962343 1058613 424142 202410 716559 182789 366634 1213050 917678 25379
830916 266622 653155 98937 806454 563613 203615 171937 931910 488263 17843 988462 787329 948717 334507 536264 721165 251507 1030323 226251 225227 1041084 128087 525922 1040660 907701 1090256 946875 465470 775860 1051973 128678 362424 1163641 917168 937046 1030602 219521 561238 682190 423383 202075 1023335 393155 313155 196748 1167567 18477
831342 129396 677057 571919 848492 831115 203491 165782 354936 825419 25473 393268 786984 1131920 1152462 536112 787911 973006 1152109 226751 265310 1007054 232425 1095030 1040109 186066 704609 1141702 738390 775543 271099 602503 333816 823798 602720 775690 1153940 421232 111918 670269 423204 278632 761073 931936 282886 197205 941730 13989
830449 126765 796751 154651 1087767 735236 203373 169745 353950 491418 25360 393212 787008 912338 1152351 536383 776124 250351 195581 232459 208892 1040109 232623 681939 518833 92515 704300 1030349 460138 775535 221507 11926 331437 530857 1030950 536246 1154250 635704 179070 1101084 423564 342490 979134 932864 231592 303174 569839 14074
831204 284609 796252 94905 929538 830692 203519 171838 223195 490251 25004 393348 735092 1131082 730908 535694 112115 1048185 196760 226683 225023 1041173 231446 1152066 1041173 906821 703723 936860 738391 775987 215933 603347 473224 505839 699438 698193 810791 241174 175833 528925 423599 742291 716849 857338 263283 1126202 569562 14752
830363 1165140 874444 158027 1152057 562394 1030863 170594 932420 491146 118062 988641 787087 1131864 1153176 899449 775096 938099 196286 271184 1095108 291019 176607 1036871 1040530 218953 1059413 787690 739358 775111 906794 187722 331797 774266 1087382 1241669 1154363 195745 932241 529867 423406 273587 716835 932279 263564 595005 942015 13356
830208 130060 312429 160330 849351 831196 782433 167954 300571 789040 475810 393446 707059 929490 1152572 536251 106018 1016887 196164 342121 990486 1081356 189969 433785 97671 289211 1059530 797137 739542 776051 315075 129088 327343 1178456 564996 775404 1031376 13827 691459 1058294 423185 281417 717309 393351 341810 196341 942435 787428
830593 126721 312630 419381 524602 562526 203013 170896 622981 1093303 118072 393869 787093 1131823 1153135 535260 105974 1007153 314502 225355 321906 777696 108774 434000 1040124 123880 1090325 946776 459339 775770 217326 239921 472985 1064155 917105 775987 1154301 237264 176161 806451 424085 342595 717007 931731 263133 195686 987287 14177
830800 1166132 312324 732831 1087641 831247 646211 170662 349326 103500 1095652 393629 787318 1131901 1152376 536078 254781 1007027 196633 232650 271487 707023 818927 777876 518384 289795 835415 947093 460550 774957 1052763 221041 332055 530460 1150294 775981 1030281 301790 563411 682745 424145 206811 761514 393348 341427 196420 1099517 24931
831459 1016025 873596 99282 807045 563456 455478 212781 288308 242450 24830 988575 786652 1130891 1153445 535453 254042 937877 195773 271122 214374 1007079 821077 1095879 518668 123552 835483 929069 459446 775137 1052320 1087572 323187 530904 1084340 775978 1030518 1273985 179353 1129985 422824 1083360 796745 932593 263557 314502 569428 13502
830840 786961 1025058 887067 941032 830404 849351 171676 354174 92452 15306 988216 787570 707767 719556 1237232 110489 335675 335391 258027 206384 1238574 170402 433758 518496 1084290 1059550 1131174 860301 775521 217433 177814 472569 530266 917074 872744 810681 242638 690934 245221 423942 294492 717019 932282 1189214 1125591 674002 22321
830517 177820 312786 717063 753298 830839 294319 166976 349536 1093598 25020 393578 787090 1087873 957710 535926 413226 929081 810791 226815 182623 1040763 125791 1058650 1040123 478209 1059605 543929 853388 775919 1051915 520813 473438 979530 649423 775354 1154314 990076 1083822 670027 423243 204036 716865 932714 210341 248813 651731 13061
830665 232442 1038294 159097 1153622 1241826 203416 170937 346898 28224 118536 393107 735423 1131531 535539 536479 776136 310861 196755 251411 349065 302960 24377 547655 254641 217903 1059981 1031096 356570 775005 1052628 389543 483940 505935 565097 937536 809874 635335 772281 595513 423487 795733 761141 931698 232442 196225 569192 14235
830854 823579 312937 578393 806345 830915 739552 167083 1096226 490448 25434 392797 787883 929877 535431 536411 105375 938586 1030506 234651 321830 754645 177983 678775 518370 124327 703985 1030943 860413 775710 220189 603075 322714 519006 1030548 775146 1030224 742123 772013 1149610 423866 327610 716995 931647 1187916 314438 569030 19329
831160 177739 874249 160310 806266 562801 203101 733284 1095867 488133 23190 393571 787621 1131752 775146 536330 1170426 1017085 810681 242035 278672 519279 178344 776881 1041181 226683 703733 1073682 860166 775978 225326 166526 333936 505332 1030863 1153428 1031398 116253 593860 325710 424255 214740 514591 932165 1189744 204540 593342 22114
831311 129766 312646 1189720 752934 1236610 656770 208663 378164 338938 25828 651582 787039 948277 1153182 535816 111848 937735 1030281 232661 225846 947556 130225 433235 518823 506047 1089894 1130718 502787 775638 1052249 130208 334733 1063747 1030224 923328 1031375 222824 568744 929760 425241 207165 716735 931920 263984 1126392 673602 13124
831328 231800 312579 163147 603112 595921 1084655 170950 931946 917174 18195 388669 786974 929388 1153095 535705 423245 938582 303954 232189 315661 1041134 104446 777696 816808 184692 703746 1031145 738682 775738 1051754 129441 334461 979355 565120 1148234 1030184 823606 174935 669146 422888 934877 762224 931723 263328 204355 635185 22941
830839 187027 312205 158605 807079 563150 294734 171286 319943 858021 25927 988590 787824 929512 1152985 535956 775919 938363 1030701 225997 321171 1041181 178116 778228 1146064 669350 681080 775864 295426 776251 344547 243501 1050912 979485 1162235 698049 1030357 303834 175578 682387 422724 196937 761347 167005 283174 196396 569822 13066
505535 232570 720486 1193989 806788 830517 202815 171739 348574 480931 14302 393696 786785 1131022 822924 535535 412503 595513 204092 271138 321325 707179 177536 778605 518628 500506 883201 199927 1030663 775706 830953 174497 332156 1146860 1186093 971928 1030333 204742 993544 333741 423222 206866 717053 167344 808223 203558 568898 14329
562589 129892 874381 409132 807122 563521 295001 166104 354150 119743 25483 393901 787766 991169 536412 737047 775041 1007245 196299 234231 932743 66418 494851 1095652 518755 988623 981917 1151273 458720 775494 1086857 603490 197313 773672 646811 775126 1030950 659031 179062 682798 424949 278039 1190083 932430 211884 195556 453808 119524
831262 786660 720349 155221 752486 563103 781746 174923 355782 1093692 118366 393668 648653 1131797 519533 1058346 110059 335240 285054 218435 322300 622243 534258 736553 518911 159932 704578 860104 459177 775241 1072214 12514 334187 978898 917265 535226 1153934 229530 622752 595204 425026 1084161 963991 166555 309916 717645 569454 19412
563455 190107 873614 160222 1087559 646670 781824 763403 867450 469445 25297 393672 787311 1131624 731261 535890 848062 325249 897754 234785 932212 777935 178730 1151962 519384 353580 1060109 1153633 461157 775470 220745 174626 197301 1116656 1088305 1115013 1030488 204580 572188 595573 424048 207490 716458 932831 312461 249853 570027 18237
831429 128511 882843 160818 848206 647029 782111 168008 356102 491379 25532 393155 787690 1130983 731779 536216 775616 938802 303171 231796 220712 1007124 177839 681289 419290 123751 1090925 1065129 460513 775576 225845 129527 282704 979657 1153739 823200 1030577 867302 771230 698442 423821 207316 717466 931668 283002 196303 597392 16314
562668 174840 945090 160218 752974 563172 294217 170387 343760 490808 15020 392892 735406 929873 1153247 960059 775171 1008140 196080 244673 374662 987638 178728 872993 1040381 123984 619057 1164554 457035 775672 293483 589877 334507 505816 1161942 834282 1153845 204355 521714 646280 424366 197568 762032 857137 283326 196021 570063 15272
831142 178701 530904 290196 622884 830854 203559 167551 138379 581443 25735 393156 735616 967803 1152568 535492 104906 1007410 1150813 298318 365678 1081449 127628 546921 519238 669703 1059747 751558 459112 775079 217487 177470 199003 979456 1031281 936643 1031281 303181 174283 670053 423371 280657 1139396 393051 263129 196517 942379 23052
830504 232623 850055 822559 849195 1241016 739403 608263 344474 47569 17647 408034 787106 1030863 1152554 553178 775576 233403 195630 225605 314760 787428 191840 1131844 1040705 123321 703948 1082158 854238 775095 1007408 179171 461009 979096 944367 594837 810798 219498 170202 1186093 424512 278786 772675 932161 113265 195828 568955 19150
831115 129306 327030 716802 753445 830199 324295 173833 337159 489794 122876 61980 648395 775876 706216 535744 1000016 310945 196055 235039 265460 622131 236355 682069 1040634 122103 1059741 1031419 877952 1153342 217624 168200 197571 579382 1030259 775770 1031420 384303 772093 648653 458877 277202 762348 166525 283281 195898 673151 25043
831196 292729 951438 410150 752342 831403 738895 574660 346294 487615 117927 321340 787288 1130862 1152900 535978 776218 252826 810460 234552 932706 1040572 176295 938626 882847 298737 1090689 915169 464758 775944 1123598 129260 334162 731988 648592 658103 1031397 303472 119466 1110210 422843 281881 1128713 931724 23501 249760 592463 13231
830473 328272 873812 659976 1087867 566359 738361 168628 301548 1016014 119307 393248 787801 1131472 1152605 535715 775241 938093 1030424 232586 182581 960516 109083 778269 1040678 92164 666357 587453 756297 776119 265293 1088146 327733 530698 76866 936508 1152286 342773 768114 646043 423456 201678 717081 932785 283335 195592 942516 14200
830262 178519 313124 98364 930052 563052 848206 170396 351063 721471 24862 393469 775703 775791 1152338 536518 775828 938054 302995 225876 220526 778605 129542 682202 187478 175713 714315 959620 738826 775209 225493 450112 199052 979906 1088271 776218 1100442 241157 456199 310850 423372 202691 761089 184642 783674 249565 592401 13676
25411 262338 775878 877815 713238 562459 782558 166096 346568 488243 24782 389285 787641 756286 1152956 535401 364528 325710 204862 207213 221521 608856 232057 775703 98112 206640 704742 787428 738387 776141 320452 173909 333938 823913 1031108 1148093 1030259 635657 176313 595356 423453 201562 1098446 932749 263532 196176 816807 13748
855433 113158 796123 44561 806772 529068 656379 170783 932212 488749 24908 393468 735111 1131573 1153615 734648 720933 233646 313530 241538 271548 1040977 23587 776166 519279 182364 704737 947558 456508 775800 1052284 128428 31954 901311 917457 924174 1030360 991186 179368 682627 423595 203267 716988 931917 211050 196375 1031431 18807
830576 231744 720567 100614 753075 1131322 294413 166244 223795 716642 25171 352885 786936 1070398 1030339 899763 413311 233429 923552 225819 295338 706862 232310 648899 94626 477509 704775 753432 739511 775721 217709 128782 488705 773729 1030376 735652 1030701 298246 622032 669350 424736 288848 762362 932799 225584 794608 569887 14985
930024 786745 312580 912398 753104 646346 295992 574598 286804 1092529 25693 393160 1049001 967627 1153466 536442 776251 777755 204758 226447 322200 1146278 231453 775599 97406 181750 665297 1154055 853115 775754 314896 174225 31988 824976 1059361 775763 1031061 235326 771065 332639 425124 202613 762285 175989 263324 195947 569235 22903
831232 262244 676982 1055324 806359 646226 738387 170647 350846 467092 112460 988600 786959 1152318 1153235 734848 112174 775649 204695 257902 225809 1042927 177168 802193 1041084 507481 1090080 1131406 460148 775094 226074 178238 372946 1146610 1237982 1130173 810355 343065 876232 334337 423899 203075 761273 932040 277398 204881 942125 14480
649357 232347 312982 98359 1087708 566694 738509 207924 1095820 788995 24710 184211 787546 1151939 1152448 899460 111570 937748 313689 282643 220305 967059 232554 997255 872797 101111 704150 246048 459357 776163 290128 12971 334471 979974 649452 225339 110964 343114 527896 806135 423483 203453 761367 165960 263913 195727 941563 15504
830353 129683 721430 564418 524085 566609 739008 1237381 300478 13394 25848 174871 787426 1131174 1152708 535845 778269 707023 1031145 231974 219456 1041175 494750 595616 1041146 124145 704031 1031237 739011 775544 220384 128813 334408 580251 1048185 775079 1030424 204271 1132574 524303 425177 281832 717291 394037 232459 204438 592658 1084213
830537 113104 873528 98992 805917 563260 216930 170344 347797 487608 124239 988047 1058346 1130723 535511 536325 415977 470851 820933 241963 220384 518939 232347 937917 96511 292520 1059125 1031318 459350 775985 226068 128250 473023 900717 699531 775547 810460 303565 179570 333160 424477 274252 586322 932662 279295 248920 1031314 1041011
830336 187116 796745 98604 524335 831053 447316 574437 348292 663817 25019 393582 587281 1030589 285013 899616 188280 1007548 314167 314709 1095323 1040634 128703 547399 519032 163967 703943 787329 456422 775881 1052508 174470 333962 979134 1161606 717650 110540 1120569 644228 1058280 422754 277004 716812 858233 263281 196696 941702 15221
831100 129772 874076 392210 806466 1152229 738568 171295 135275 1196334 123765 988057 786858 929134 535694 1152462 997073 251748 196270 234889 112352 399554 570884 908565 518739 160238 703871 886284 457180 775828 1149084 186673 335162 530960 1129582 775616 1154560 323841 567986 1087915 423603 282128 678071 691121 342546 290080 568861 13357
830720 178030 873920 1082488 602711 831230 203539 210674 418563 15811 25737 393110 735598 775690 536082 900059 762785 972543 196378 218953 202679 1040530 129638 1066420 519343 507342 681653 973118 860046 775149 214831 451156 198988 80390 635634 734944 101538 194783 179126 255706 248860 281170 796167 187755 105553 248729 1117156 24858
830858 822663 882443 153997 1088240 831084 1030570 215051 346844 393019 118015 626503 787208 776218 1153411 535473 106077 937874 196036 271563 111311 1007153 177465 426683 203175 182323 703995 916421 456497 775173 830202 129988 200265 979909 916979 535732 1031301 219509 956853 648669 423385 203989 1170759 932472 263063 196055 941780 22518
207213 826503 796999 99606 806077 830665 656776 171525 350746 698363 25047 393407 786745 1131718 957227 535271 721109 314812 196565 315783 931770 260075 177696 1154380 519271 1035862 1059498 797917 464405 775704 619973 128729 199369 530072 787690 933311 1031314 471736 567849 1100542 423702 207330 716967 393407 342171 196471 649054 25554
830585 130570 874401 158582 752338 563206 615904 171556 354736 742620 119131 988623 735227 775677 532092 535684 105674 937696 1088373 226891 321129 1041239 177893 1214308 900322 1171659 665579 1131469 459760 775188 1149376 128694 199186 900497 565779 735611 1030453 204179 565462 682202 422716 201995 761227 932256 279479 1125648 609751 25401
830562 126612 720771 751893 1087242 563639 738825 474809 932141 644594 14480 321921 837289 930047 536942 903907 775144 679069 313634 231776 322136 67126 19468 678580 1040702 298185 665994 1073809 459869 775983 1052059 603355 197246 1146493 916913 775878 1030613 376369 172898 669695 423182 721555 1121235 857024 1189457 336439 1237267 17232
661066 226193 1124795 161281 803290 830361 296236 863576 355882 28903 122201 389555 960516 909058 786961 859147 413570 310197 195960 231620 275280 968053 458236 775860 98035 505465 704363 1148054 459439 775317 1073036 11759 473646 753298 1154270 923837 21339 990676 179394 524121 423423 443201 717381 184204 283374 337910 762790 18870
831237 284172 1038928 665388 782467 563010 295369 165406 378253 119586 105760 393592 787043 929969 535741 1152592 424650 938060 204438 234269 315708 1130487 231800 533664 519038 670066 883196 793480 738877 776215 911558 174483 200066 530765 917232 787574 1154246 233639 1153067 524092 423808 196864 735321 858263 248772 313664 568790 14194
830711 311435 613319 98568 752606 831337 656854 186624 347013 92427 14626 392946 787543 892820 1152880 535307 649485 938710 249333 242181 990882 1007213 901193 908689 94501 470019 703998 810192 860722 775146 216548 177793 326457 586663 1152142 775738 22067 240793 1152763 229092 422757 202461 507882 932643 275645 204180 1124184 1064129
830361 381908 874626 158599 753093 830191 204070 167348 300680 572183 25012 393981 735127 776051 922894 535779 721170 253205 196283 234157 235035 1041146 232299 460505 518728 123679 1090451 544082 859819 775062 220963 129722 1054458 979326 1154674 775171 1031147 302636 120338 669794 423442 206840 762269 165851 206615 1277313 891992 25007
594919 312086 1123868 92998 807052 1030224 320098 12174 1096116 490544 25523 386617 787551 1131734 1152656 535711 111825 938558 290296 234060 321587 1239270 534998 427226 97314 122996 831301 1030950 459176 775566 1072961 603627 199959 530241 944741 937462 957917 343359 772309 914820 425218 206393 716913 854876 264135 195581 1030570 15047
830195 173608 678018 408671 806971 646780 293978 733891 345838 28275 25871 393833 786666 929614 719867 735498 107112 682184 314438 225005 214222 448606 178319 461090 518565 377082 704129 990912 738461 775670 1148433 189973 335961 505703 916547 698024 1030658 386418 1107825 1100240 423236 278238 716634 932001 340872 204216 10926 14745
830851 232511 636452 155511 602819 830766 203768 171972 300983 690839 24776 392827 734856 929620 535684 520516 412345 252245 204571 231598 272972 1040085 1127840 996653 1040844 182042 1059283 1030503 461257 775547 67102 959160 334563 979642 1153639 775094 732883 190274 1171743 1058107 424000 202553 1279015 393881 263186 867968 673663 14835
25476 267374 313032 162781 649059 1154406 295459 169865 932181 732197 118247 393936 1003787 1083667 1153119 822924 721372 335252 196396 226130 214831 651624 178270 551520 101940 184532 1060250 1131082 739349 775488 619949 451445 469417 530605 735111 775100 1031237 302756 598459 806394 423210 273461 716783 167577 282449 196241 569092 19467
455463 284108 873886 1036046 603657 831256 937801 166803 196751 483678 25495 389304 1048185 1031227 1152714 536140 721345 335191 302933 258540 322248 608210 129603 427072 6046 234031 666026 1151835 860122 776112 889975 405439 799478 123610 1154071 775245 1031287 964111 546606 1058525 424201 884643 717110 187636 263243 196755 592719 18295
25379 129796 966843 158724 719946 831160 919054 167289 358714 490700 117891 625988 787386 1131406 731580 536063 996677 938191 572258 225415 337080 1040385 177616 624211 518746 289352 835503 544184 739086 775380 1052782 129339 286375 605955 1153665 553782 1030461 288297 622728 670016 423812 380162 506467 165931 316042 195636 569218 13190
830439 128460 796929 159496 849377 604262 332330 186921 931778 1041110 123771 393190 787602 1131003 1152504 536034 928526 834544 303223 226390 932717 777701 129948 427748 518860 227497 1090467 1164180 459137 775256 1051845 167468 333971 505660 635291 776226 786984 235311 174470 669969 424861 202397 716880 691536 263940 204401 569899 14268
27579 286651 326474 410566 483616 830957 781494 762672 300630 92323 118678 393103 786802 563262 1152959 1237414 1152142 328177 1150622 220465 932327 1007304 177866 382073 291057 814645 703798 1031400 1121584 775167 402882 130225 331561 506083 929760 775818 1030746 242647 1171601 594884 425007 203325 581063 175167 264036 249179 1055875 14083
562615 283820 312470 157979 1240043 562444 1031420 170041 337910 479903 1095271 352631 787836 775710 872797 1041787 423015 937770 1030758 234826 270132 1040825 176694 433441 519434 218930 1090200 959702 860010 775905 216609 164582 334256 506493 916868 911116 1155972 365799 1152338 524129 423863 202360 717342 932492 282734 196529 569653 23255
25007 267565 721431 159216 1131532 830411 523604 166525 354618 476699 120383 392838 787603 543825 1153389 1153371 522558 335179 196552 235799 375846 1129331 820848 777865 97470 326559 1090996 845729 459254 776154 929760 520035 322951 506269 944816 1240144 1153905 190107 794987 669801 423906 210674 761391 175081 263812 196460 1154104 13157
25770 125679 721372 878468 806750 830208 1107238 175184 689857 1016716 25395 388236 787799 948103 535693 536413 1096872 938739 195774 227101 446258 623043 231974 938060 98260 523457 703661 946894 459634 776166 94669 450556 474393 935707 646891 911223 793810 240934 1142904 529996 422922 215051 716649 165163 312527 203470 942569 18957
831091 822867 796307 155322 1131129 831490 781981 170117 356279 489417 15649 988134 787408 948268 443625 535530 203859 937701 336439 244949 309888 247416 178630 661478 313413 1171941 1090973 544868 456920 1153097 1072442 173780 335029 782312 646276 1008770 1153945 14227 771818 1058678 424315 203013 505445 932732 210619 204366 454632 23176
1241212 128811 1038439 159350 805871 831238 1084845 169842 223899 489702 13940 388657 787728 1087377 535423 343365 105811 253188 1031397 236355 185189 778503 126057 138199 660087 293092 704481 753520 860274 775871 1052650 1036695 326710 774645 1154340 648931 1153917 204213 1083612 968946 424199 277339 873784 932006 210862 197081 592835 196472
831308 930813 312375 823467 712881 563162 657366 989421 223527 490522 15157 168171 787402 1131871 531788 535882 775690 937655 1151975 242638 991369 1040170 178677 635914 528405 121844 971306 810078 203196 776247 1071285 170559 294437 782263 649017 1142326 446009 294178 568571 1152785 423035 281348 506528 690990 213943 248860 941735 16696
570992 113312 940617 92069 753114 567215 738969 573973 223449 487696 25912 236498 787663 774967 757028 535236 111906 938737 1030602 234583 270775 1040705 178166 1098272 203479 745214 835501 794413 739075 775657 1071465 168197 1058049 908053 810791 754698 1030624 19507 957028 1058593 423715 794458 911636 393521 275132 324305 30014 19002
25468 232563 1038420 385258 806652 566682 781982 174040 336733 15805 123405 967860 1068785 929084 1152592 536038 111080 302542 285037 258187 266788 1040559 819956 778721 660308 122860 883351 1164642 382124 775759 763373 165978 197250 773807 690934 984481 1031098 742002 128783 806345 424996 553710 796090 165937 227572 249674 454665 15359
553848 128526 1038983 158616 848997 646493 656526 166353 344899 488792 19184 393859 735544 1151941 1152438 535404 594248 448296 820515 231877 690933 1040702 176190 468695 660703 115088 1090922 1030321 459438 775374 321605 173777 334076 979643 646571 774996 1030261 446258 622841 313590 423233 206327 761798 932511 341347 1125451 881324 14241
25108 270158 873784 160423 518018 563631 848955 186814 300776 742832 117980 392942 786998 838772 1152681 535741 566649 1007536 196460 235091 293559 787678 454308 258832 626844 547449 704637 1164482 354851 775037 227469 603032 333957 978832 1031096 775722 810775 310509 875106 314419 422803 884051 676982 393591 482241 1126663 1056588 14646
830671 113824 313217 834774 712403 562827 295858 175417 348506 468763 29034 988485 1241538 1131219 922453 670832 738304 911670 195978 205653 266530 622633 125376 1110731 518845 335575 1059354 959396 457825 776032 217363 648714 335775 782157 917502 804098 112482 343122 1131469 682462 422706 206795 716698 393815 341901 196315 234862 786720
1131763 178749 1002836 1176005 712549 563281 202979 130372 346048 716839 118063 392868 787286 1030349 535262 535239 413279 199686 314136 234557 1116820 967064 1098105 1098438 518702 907427 704717 646780 458076 776124 1052171 128953 199042 1146367 1150320 1153246 1154010 861019 593503 524727 423071 12565 716624 932409 476925 197246 568983 14401
24913 283433 312777 1106873 712696 830888 782143 171632 300480 16130 118688 393724 786890 1131536 1153221 536184 672247 937970 751688 234997 322185 1041202 126425 1143101 10041 523244 1090572 854296 739027 775342 1052267 129754 327855 1117279 1237943 793731 1153774 302076 175362 649100 424462 283026 499824 932789 341156 195917 630711 13214
831061 267191 636937 99699 713173 735603 657144 176161 377809 92689 118001 393804 787084 1154117 1153529 535512 1240917 938633 290015 226577 106328 1041046 495757 433816 104378 185582 1090909 1087237 460016 749819 1052728 174797 332681 1146558 1237623 671663 651731 342700 528344 980613 473258 263129 716538 165978 870662 196286 1031226 22600
198394 267261 874049 161323 523839 562602 782481 207698 354860 479485 124139 393554 1241112 1131555 334389 535719 563044 256045 1030932 232621 1095929 787327 176534 257753 1040085 226834 1090367 1152309 457558 775922 217142 1087867 488098 1146208 648753 774956 110685 363113 568678 682258 425215 283326 716716 386617 282647 717943 1055934 13982
25624 327986 874414 155126 752521 537502 739542 899576 223258 103291 14945 988269 787730 929331 536031 536268 18572 937743 602498 292186 278991 238504 231600 526086 290215 669533 883446 925986 860597 775404 219378 130108 334255 979271 1153644 735406 1030921 290930 992702 646555 423696 197392 1035816 858227 263327 197363 986497 25854
25245 263301 882858 162568 806137 735387 294101 173883 291056 1157220 25886 322236 735226 776251 1153525 536029 116447 316596 204696 338953 279737 387850 178072 776252 174533 258075 1059953 946948 739076 748842 619809 178055 334084 979529 565598 535315 1153670 204616 771723 670173 425022 210366 1171339 931645 366452 204639 593076 13797
830506 228716 312772 303456 1014203 1241892 292056 173637 347144 16444 118014 321992 700919 838538 1153055 535820 464840 988665 289978 234015 264603 253466 130406 682693 519433 226850 835390 1030549 505504 776156 217023 108692 362290 1123878 1153631 679487 1153869 303156 180031 726004 423682 442755 585939 931681 270690 212418 1149847 619608
930124 128421 636165 233110 805898 603866 294271 175955 354592 28102 20276 393034 787940 1151308 1153536 1152956 999473 1007871 534943 234041 208804 707020 820831 1170509 1058667 175617 529835 1080990 738672 775630 1086325 174279 327729 892422 566243 820074 1030212 13871 577033 682506 423217 196836 716354 932804 111246 1125948 234025 19128
1130731 313081 1142421 162987 1152785 830537 752974 174413 345266 899288 119260 352695 1131066 757423 535299 536424 111000 937922 195566 235132 315000 1040358 20414 1097984 342970 284679 703949 1030712 458414 775143 217149 11891 334395 570515 1237883 735001 1031068 235420 178909 1058087 423720 203547 897469 932554 732498 1072828 672947 23431
831080 283979 874423 410526 753455 529987 739027 170955 354938 941863 17730 393304 1081449 991126 1152633 899790 775547 706569 249498 227134 321253 908497 128592 938787 519033 505535 1059112 810834 461096 775440 271779 128875 199277 1142734 917446 872348 252617 304192 767724 529993 423007 277471 1139380 932145 475121 204832 569005 13468
25474 128539 796801 98552 848659 1153682 203452 167729 320204 963305 120429 387343 786917 977708 1153498 536439 106066 938003 809614 234318 225400 778071 170520 207540 97985 482865 1090311 751708 461581 775307 220756 167551 197089 657977 1154055 937205 809674 240772 1171941 682027 423061 207494 676848 932893 264049 195880 1055753 13421
595488 232459 677557 162794 752578 1241604 1031397 174544 932096 344393 25963 393527 623692 1131331 1032041 536412 830658 937679 248830 232128 236368 1070086 231818 1142313 660286 124268 1090217 1030602 739507 775041 268576 174703 200015 1116556 1030549 924185 1030699 15811 180022 670052 424606 811906 507924 187045 474831 249466 1124925 23509
505465 112948 721039 574947 524434 967627 739343 185952 285017 247204 25891 424712 787673 776215 1152328 1237113 928157 978540 303783 225915 243230 1041094 231907 52353 519487 1083394 714155 872533 457060 776050 1070830 128887 200434 1145952 917620 921747 1153646 242703 993314 523839 777866 283276 946570 175503 269150 196381 941576 406766
563553 173788 312096 245920 712527 881048 453711 166232 354875 15696 16984 393784 735321 1131704 1152858 1153405 515805 317160 204508 224903 645983 1041113 771311 908321 338152 92072 1060258 1131797 456843 775351 228461 1072367 322686 774610 1153885 700470 1154544 232068 179864 325582 424240 871674 717167 393159 341893 196194 1087891 13937
854837 265147 795750 659652 848727 996886 781776 1237414 622641 473250 120249 988742 734977 1131378 535298 960071 412948 372423 249472 240649 244432 1007655 418839 460162 170536 123183 991066 951251 457112 775593 1052355 129774 425815 579780 565871 309929 635663 349323 941214 669392 424483 469094 893722 932440 210674 204402 1056634 14784
25848 1152592 312583 403686 1118158 596052 848623 763570 354461 15676 16389 61145 1008220 968180 1153170 536331 999927 706510 313414 268523 476914 300796 787197 459747 92385 182488 1090444 946715 460758 775082 296762 128140 473382 939081 1154406 1060875 809672 13782 1062096 529291 424587 277918 657421 174942 215051 196233 592640 24732
751703 129173 1229855 153766 848607 563455 601644 488025 286496 457038 17850 173591 735431 930015 1153530 535617 412337 1007780 196222 232331 270851 352744 483614 457648 1033442 122245 703946 1154124 739151 775925 868383 817078 334536 518975 565861 671099 1030494 129107 167954 1149997 423486 203904 716834 166976 221454 196643 609946 13191
830873 113699 1134431 98366 782433 603989 202939 164554 300810 449718 25042 394036 794970 1130718 1153047 566878 567215 1007224 810661 234160 374736 236173 820091 138289 519176 298549 647029 947662 853910 775586 216494 129097 334359 900316 835292 735486 742383 357438 179465 325452 425240 200035 677057 855229 232280 204042 673134 18810
855184 228669 1237528 1082345 752819 880734 782138 166477 344371 995532 15904 393686 735683 775267 953413 536354 649345 938332 947497 231569 881145 787341 534537 938314 1040203 505703 704372 811524 459458 775204 689614 451126 333925 700470 944679 793226 1154067 320961 128694 649442 424258 202771 864124 932182 263377 204243 569108 13277
831297 265296 312461 303821 1107336 566166 295045 170364 336489 92578 25468 988139 822549 948341 1152891 899009 115900 938235 204844 340968 225816 238682 818880 652081 518624 787113 1039339 1048398 460087 775295 216896 129474 196944 506764 809910 277922 1154652 220254 743264 682053 424187 206615 717203 932118 365860 249111 1055780 13649
830404 266517 1124859 886223 806512 536527 455522 170053 353044 472773 120207 394038 787727 930135 579088 1058667 237927 1007618 314010 225603 361393 777777 178042 988074 352425 1172282 1059318 786969 739426 775176 216631 129273 334259 884699 945090 1058346 21897 320632 561394 595872 424899 342395 530502 173597 210779 313991 941655 14647
514832 112908 874503 410553 1088166 563120 781595 574525 323462 214854 118442 393396 787722 1130809 1152658 899654 423468 1116788 196491 215743 213480 1040469 130477 1129662 424430 123758 704269 786716 460851 775027 1137757 603603 472261 580321 1154125 734892 1030964 301880 178877 327136 422992 281993 717388 931752 283301 195750 610048 15085
830615 113933 1098379 796452 806521 563357 848682 734197 835318 92320 24859 988461 786908 1152238 478580 535491 743416 972933 1031376 234048 967747 288526 130234 533586 518357 123284 704871 1031397 859623 1152778 1052371 129152 488461 594189 916541 775221 1030978 476579 179171 126012 423003 282380 603356 393190 264040 203670 941885 18729
25275 341278 312034 100996 806911 734400 204086 645999 438888 1016452 22750 392673 736205 775770 1153248 536394 1170935 679158 196241 234285 225132 1007729 128140 434112 732262 123457 704638 1030381 859905 775099 216930 1071469 334482 1123185 691029 937036 1080990 1092080 874990 969179 423714 203427 795751 932081 210401 314597 1161269 15277
831416 228633 1237943 159121 929987 830572 616051 186130 932567 27382 123863 393309 734687 1149992 312068 535686 712569 608331 291020 271432 309916 686906 104760 775646 100436 907559 704120 1186308 457318 776041 225100 165817 334787 530507 1153934 301988 21678 659211 1153258 548788 425067 771343 716376 166138 315507 249537 763421 980294
854637 328593 775860 161124 713082 182382 752817 863814 622951 474402 118689 386868 787388 775860 1040971 535387 649530 1007213 694517 235151 226809 1040381 778137 778198 528269 124352 653335 997823 503014 776239 1007948 1060565 623341 608768 810003 723849 1155557 991173 179460 325610 425184 342402 586710 857774 365767 203618 592967 22617
25895 113625 721053 713258 806421 923415 203634 176157 318381 1066799 25652 418169 786648 929338 380887 900039 105451 1007861 314331 232362 699988 1040508 129692 433380 94971 988730 887078 603253 860730 775068 1071228 129531 199131 782528 1030365 923471 929944 19624 1084369 1185545 424208 197381 77250 393809 283365 244258 454308 13079
25262 266981 883335 160874 806522 646575 216758 170226 348745 418019 29206 394003 1035913 1131080 531811 960474 423386 1007872 900537 234677 284147 778081 231492 777660 519295 181145 1090250 751533 461225 775998 217510 128783 334754 889409 944557 948801 111315 225547 771673 682239 423477 283357 743920 1012702 199648 248830 1030613 18300
563162 328763 796567 924174 806690 565567 720685 170553 348137 916719 24850 61554 735636 1131767 440909 535771 187952 1008012 304082 226101 1043401 777846 820558 774957 203639 347558 704469 1005611 457021 775609 1052787 108722 570053 1146504 529105 775579 1031145 302536 937489 327328 423882 206634 874256 931719 268111 342788 598329 13581
830658 263323 851844 716666 806783 1154655 455780 170294 931737 1130043 14571 386726 908212 1130875 1267558 535360 657596 681939 1030488 258273 931946 1040027 232093 908051 518629 1172440 1059726 775267 739574 775716 830918 45352 1032659 530421 787087 530244 111111 16817 455503 1122032 425004 196834 717250 932770 231879 249321 454435 14379
830572 112814 981590 1166131 849177 838289 1030424 997850 347224 490702 17873 393549 736726 908743 1076036 536125 110347 316910 313825 222557 321692 350421 232482 1095271 660971 997462 1089862 561266 497656 776138 678313 12599 199587 695707 649105 948472 110315 318638 1066159 1058331 424674 203711 717035 186862 263601 885988 569684 987493
929760 129429 1119987 92419 753099 646930 810460 186786 224092 609691 123376 987813 587964 1131594 536330 1152731 188238 938096 196607 263820 321290 400366 109372 1092331 936403 186019 677207 1237943 357384 775402 1072367 12384 334512 1146576 944338 680786 1153773 811553 184998 529441 424138 1084350 676963 691155 268639 1125769 1056555 24535
90033 126940 1101959 986654 648846 830821 656136 170957 349820 787087 16128 61200 787028 930131 379966 903169 721450 937835 751558 341500 268465 1040124 130674 682049 314118 969597 1090975 946918 458140 775311 315509 231215 335626 530947 1116525 923411 1030376 343383 179770 682352 424944 207467 761420 931902 263776 195879 942745 19478
207421 328422 874666 162046 647790 566612 738984 733878 311800 226921 16992 384549 786800 1059696 1153171 535315 412786 635126 196101 252487 561394 1040985 232091 776052 351328 183431 835997 786936 738604 775616 1052532 603657 1058076 1055198 690578 707162 1030308 15504 875187 682012 423860 746532 717337 690690 263864 304013 794157 15524
15958 113265 883581 877949 524444 967085 849214 733776 253977 673071 25335 393109 787415 1131129 531570 535975 259405 299845 196665 234321 220388 1182202 177916 604111 681939 123443 1090459 1030375 459369 775677 646208 186931 10626 781595 1087867 754475 110971 470972 758153 1149018 423946 215968 1115596 932402 110405 324552 892427 23063
102256 381610 1038764 160848 806419 563145 180154 1190126 354583 1136271 14443 393269 787250 566643 81 535531 701666 937592 707767 241788 991137 136834 169358 461083 518791 1171660 1059852 1130891 860414 775429 1052239 12170 331371 1123163 916834 1041391 309448 120212 179609 1058316 423026 203057 888765 932471 312541 195813 644219 23875
855553 231621 312219 157838 753316 751363 203123 167410 301263 17277 16071 244972 787697 1130888 536136 535521 775234 938810 288227 225680 321652 1005026 126856 740971 97388 123656 1090109 1150022 854044 1152605 318563 129762 331602 1116485 916990 776201 809726 919359 179887 1058838 425229 206322 505877 743691 263346 303014 1030950 14974
239332 990371 873470 94874 752703 755172 295097 173968 343889 941900 25802 393044 787533 776193 854269 899720 593666 635657 313735 225131 321605 986497 234246 775687 519627 185848 1059470 5740 506048 775750 885576 1088017 15949 98210 565011 734700 941784 116995 561221 1100002 423028 206499 716898 857703 342600 196128 130440 25171
646951 275707 882743 153369 807096 646345 712403 175833 380653 490498 482000 393347 735325 775094 1153102 415675 930120 1007563 291013 234348 240530 1070089 948103 426755 1058908 670165 703999 1065215 460099 776136 300480 128277 288892 699770 917410 775806 1031172 11428 179757 325323 423004 203307 590158 932327 870192 196388 1056241 15356
830918 794364 319115 162014 806552 646429 919410 648204 300761 690861 24899 626223 566633 930149 719580 535877 110964 682386 809955 255573 1116748 245454 104716 908594 342791 99764 886706 947952 853801 775219 221521 128575 333815 979002 1161943 775303 819428 219863 565020 969103 424871 224225 716668 932840 117137 195922 1038255 14103
831119 242035 319512 1190258 1014217 946487 782614 165851 347209 789046 118908 393809 775722 1130962 990647 957195 563263 335158 248967 259120 322198 402075 729363 775713 1041022 227091 883330 648975 464458 775594 297676 173919 322671 1063781 1030562 936652 1031036 443592 455870 595790 423643 340254 979625 932658 263973 249601 941757 15844
830907 268843 874028 158960 753202 562769 203774 170706 336174 788389 199635 151434 787381 908910 1153194 520082 37884 446051 195565 231737 315829 1043104 128770 679182 1040353 185221 704066 923389 860532 775599 830305 590506 334452 773777 1237412 1190472 1154476 459324 109069 682481 423992 202175 758069 931906 210239 201682 941534 13639
562602 266605 636303 99807 523952 548257 919668 170520 344153 16508 24910 393645 701749 967736 1150832 535262 775710 1238685 195637 234932 271177 786645 232011 775716 975474 182541 982046 304291 860261 775271 80978 602735 480628 97652 565949 557340 1030990 234368 690640 951340 423330 282609 653155 931976 366189 343318 1055929 986727
506419 129560 1192120 986885 1042988 830506 739511 174234 355540 857100 16630 393841 787078 838450 731248 700597 105893 1008209 196021 243842 1095879 350993 178461 620189 950590 482707 703623 1130762 459482 1153411 221457 1087767 199188 530027 1150103 776069 797590 14614 532617 656476 422911 283311 659025 166489 264134 249366 598228 22527
831150 177756 757518 162308 1152389 1241049 318638 129309 932602 567581 14975 393912 707043 930104 746545 175637 739456 938532 196341 217259 271338 518503 232586 238823 518537 123640 982219 1031398 294084 775221 266825 12511 1058593 785950 1154432 734901 1154279 1078981 173780 524545 424191 281477 1170913 932394 273230 884980 597417 24888
831159 381600 613656 159745 603374 562598 455658 170249 288430 732186 25624 387870 587222 1154442 822934 536170 721145 707043 249257 234135 932799 1040611 178646 1040186 66418 669970 1089919 502018 860160 775694 267460 1088331 333254 580429 944930 1031024 1030451 240750 169842 682310 423190 722145 735408 691534 312776 203650 892308 14864
505787 267430 1123741 1095929 713041 735001 203601 819091 1095480 92404 123086 393438 604595 1131840 535358 535224 577978 938852 196233 244360 231637 1007131 67334 935002 249721 298894 1091016 872905 859665 775933 219409 11992 199223 885174 1030570 112890 610156 303278 771752 682749 423459 225757 873641 932136 341959 1084338 942538 19130
20669 112878 224765 386940 603959 932452 990116 208324 314385 310342 15342 393196 996863 948464 1153209 535722 999941 310100 542986 225846 240762 1040551 231748 622557 325600 184550 703913 1130716 739581 1152882 310208 166030 569645 505829 1154320 834515 1154340 991105 771496 699403 422847 289427 851844 166474 267238 195521 609389 14738
25440 174440 280547 1165206 848410 563559 919393 170130 321043 643920 17058 393731 734440 1130760 1150140 535833 329878 1007882 1154595 232300 221469 622256 127839 774960 419182 164310 1090666 1031110 460111 775074 220732 449511 799074 1117445 1229855 922457 1154431 887225 771999 756053 423248 264111 76995 166244 366006 196587 673327 19225
831403 265557 881691 1111402 1013095 830832 849046 175597 347329 16377 17536 393000 787669 1131873 536156 1239189 775442 309793 196696 232675 321903 294777 606281 593125 187400 159626 1059659 1153771 738681 1153221 220863 172043 334362 1117322 1031106 1005422 1030972 220233 174279 231110 422899 1083438 973191 932324 340865 248967 941680 13495
593177 228036 1062333 1194445 849046 647056 1111058 170526 357807 917238 16611 386411 734717 1153917 1153009 903634 112155 1048458 204618 241987 209884 399483 232613 679147 97582 483161 1060176 549934 460036 775489 1073173 12461 334646 500407 916421 776232 111311 434915 1047785 669088 424342 214206 775209 932635 235091 1278271 941927 13652
830488 177735 796022 979485 648543 1241545 781708 169885 286463 491437 26012 61138 735109 948765 1153094 535922 763337 938458 314055 232004 321389 1007224 818491 531481 660622 547604 747105 876037 738568 775144 94501 166844 282467 979841 646331 776136 772057 99505 567968 678540 422931 881493 630916 932044 278096 1126066 787428 22385
831247 112689 328045 98631 648943 646586 202856 166391 300602 226277 118997 393051 786694 1131771 730721 902986 720735 738394 204542 222556 221186 778820 242729 547522 1041239 122633 1059820 967736 860213 775977 216534 128571 312466 635626 917059 1153565 1031089 1078489 452978 682303 423814 202909 761606 932386 279880 204405 958465 18381
831349 267539 796087 659183 849120 1196203 738826 167755 932592 217786 24808 626283 834600 1131081 1152896 899384 236587 1048127 196535 234005 990831 1116178 787286 1152282 1146682 281902 703592 1164750 459413 776002 1137429 174521 200132 900654 916486 574101 1030607 449814 169941 1100475 423890 207924 717398 858202 282822 196270 673890 324973
99259 382340 1161269 154362 524110 563567 203196 175617 348324 164154 17830 184153 787235 1130651 1152797 899683 188580 327019 838730 232465 267263 621892 127509 547865 518684 997211 1090593 1066624 459468 775354 992454 452723 199487 901340 810834 1154907 220704 238474 875636 646416 423307 281175 796621 932271 433262 519533 673247 578373
830419 113045 1149992 158319 1152487 944801 849047 166195 313784 887117 25680 393790 1068651 1131109 520471 712154 938225 327471 314213 231980 295973 1007440 232119 880755 168860 124075 836083 946721 456421 775753 209808 799074 31826 716945 944142 923721 1056615 204831 893954 1058551 425042 996787 506587 166030 214842 202519 593255 15230
216962 261786 681968 160936 481810 646223 782305 595922 346506 742268 14923 393828 786933 543543 899490 1237688 874580 1007998 229907 232580 315767 544165 128828 427106 418821 160555 719730 544062 456516 775879 225498 449900 319126 978887 1154557 478673 651925 302872 997657 333242 424055 282066 507061 931738 282972 195887 673235 787628
830649 228327 873985 395212 849485 830662 455359 574618 378382 1006061 118237 389678 787050 930332 719717 593869 1040482 707143 1280942 242363 252091 778324 183347 776959 519129 478316 704228 1031108 860436 1153065 1052416 173620 485882 884765 1151273 1014368 1154433 990844 184525 299136 424922 204524 761091 387428 268760 1091566 942773 13275
831047 265115 797001 402654 656219 562958 203356 173608 337247 187608 25677 393805 994324 775959 536281 536204 720191 310446 196471 236930 281457 1040070 128258 787078 519067 482734 704647 1034099 738475 775624 453889 1088048 488484 1146104 648653 775383 110665 246004 626103 903622 423691 273085 499505 932687 27758 196036 1056019 13948
968007 129102 874648 161065 511222 415670 221206 1267299 354689 1073747 123812 392891 787034 1153724 535271 737185 775944 471856 249974 241526 265969 864878 188775 563073 129014 289330 665375 1131472 738524 1153353 435330 129819 199055 1163135 944801 965744 651190 468204 875238 1100174 423251 1053017 506569 691410 313094 248751 986880 14283
1151907 113627 1229497 1264307 656639 1083971 782566 763545 338164 20482 123431 180365 787256 1130717 822549 535425 106937 335180 1031237 231757 221565 864847 534062 811024 259892 218439 853998 923978 357959 775443 920927 602455 199507 884956 945282 971117 1030557 241331 178828 1149395 423708 256893 772803 393969 268257 204618 569716 411543
831228 284128 720657 160234 806866 734407 782263 187312 357750 581022 20384 386779 734965 834600 536482 536382 112634 777696 1150911 232510 756397 786994 177790 679072 97135 123513 835718 947028 739451 1152351 1052542 10394 19355 97446 1161125 924205 1030633 205305 175642 524107 1154627 281857 676117 932369 305190 249045 958695 24973
830766 171563 775687 100611 806961 830435 1047259 171705 222987 43498 16343 940444 736824 810775 1007054 742204 1130983 741315 1031375 206687 322253 1040099 127149 938508 97302 258057 714954 1065929 460351 775312 216409 187044 334961 903002 912824 775640 930247 196256 178938 1128386 424529 202288 1120692 857436 111218 196378 810832 13946
830787 312778 636549 98786 806297 563603 738351 128359 354283 731966 118707 388641 735269 1161422 1153266 722426 929563 984961 223771 234533 225251 971257 129007 460849 519131 988269 704577 1030906 860085 775675 225561 146466 472405 781543 916670 735490 1030711 259104 178272 649105 423502 197057 1036001 186905 210366 249323 1088464 13479
855624 263070 1101399 45168 752428 811809 456121 186462 286791 886382 25512 175139 787756 775905 738060 956874 128292 335086 195559 253035 111587 240992 542385 1003894 743681 91979 1096226 786984 459301 1152547 1072946 246813 687950 979480 916920 719176 108454 303445 175597 670112 422697 443200 660266 931780 263278 204945 871509 14598
25362 267769 1002437 162249 848952 831411 848491 1238281 223980 282661 13449 183988 734784 735321 332484 1237147 999604 309720 222968 234604 217326 967985 235092 460867 100687 186054 1039028 944271 458155 1117145 1072167 1014789 197254 1063731 565366 735248 1154127 256656 179208 982566 422907 202969 717297 691741 263749 204536 882048 18965
649590 340126 280434 550455 806323 646050 203640 174460 497637 114673 17686 393722 887117 775672 1152791 957022 721368 706560 285544 234621 323673 622327 1129833 682409 518543 159470 603902 855474 860866 775140 1071879 1069579 473932 505842 1152000 937444 870851 204437 179086 694617 423335 197344 623882 393527 263252 229455 673499 23105
830940 267422 251963 158843 1013167 563167 953484 1076209 931944 1016369 17796 392903 848905 960249 1080612 535505 105401 680931 195588 216463 219473 1125422 128111 1065149 673785 183186 704147 602925 459637 775052 225823 167670 759808 1117049 690797 984570 343237 219791 796317 778565 423225 278360 516801 175367 234202 1277955 569091 110460
830509 787571 582043 712653 753302 563413 451359 1031832 350437 413608 123657 522947 787336 929839 474909 536433 776119 1087446 338640 242462 991255 399289 178532 1088984 1040275 218500 1090982 1031375 363493 776139 221500 451380 467670 1123390 565349 697798 778219 314070 875190 682732 422692 203346 716924 394054 283113 249704 592879 14559
699803 179124 677447 159184 524140 831243 294996 490827 358735 66428 123880 322074 566725 908869 199686 1153245 720500 954448 285852 271439 264483 1239560 127770 1007618 249224 186559 1070825 1131006 459952 775096 216401 128703 199765 586133 648395 670497 1030506 13571 528051 1058948 425083 203458 716398 931692 870212 314399 816683 18885
830226 177821 874367 152915 781953 562572 849008 166224 301028 994845 23678 966456 734486 929412 1153245 519903 1161885 938448 1151273 225454 210257 1041004 819991 1096204 203768 376054 665499 911707 860418 775836 205178 187795 362193 774805 916560 480268 110551 254701 771896 619762 424586 206927 796386 931946 366165 248981 808930 777699
830956 261988 651948 159074 1171469 831355 657299 167261 356372 101237 123809 392539 908266 1153246 1152943 535931 774990 937665 313891 252280 271288 1028250 178660 722282 518436 227206 704323 1148115 457213 774966 317814 1087311 197319 530515 1154612 775703 809896 387100 983032 1058756 423482 279692 507844 932726 282888 197216 648453 778646
570703 826300 276206 393698 849017 562397 203656 1203356 621961 571596 18838 352627 726986 929292 731691 536360 433128 325392 335145 206566 240978 1040275 127822 775356 1041094 907486 704860 699099 460174 775934 295956 128642 31639 519356 917710 776206 929928 14018 129152 646556 423046 206476 696074 393861 263572 203934 816000 23364
24910 190274 1123907 161674 1036965 830646 294357 173683 379869 638793 19327 988690 837555 775599 535778 1237381 252091 937676 301203 232642 226036 645401 11338 636018 518886 183985 704201 752912 457639 774993 224954 243300 331259 518799 1088191 826742 241065 991337 481041 1100715 425235 278400 851901 166572 365761 249857 673703 15403
436604 382356 1025035 978084 603704 566491 203429 171793 285459 15621 14735 184144 787736 1130716 536291 959794 453587 1117261 222989 234799 1095134 1007770 103731 563318 660614 478406 882422 543924 860490 776110 219143 1087533 473894 823719 917064 775710 21555 333295 1116273 982017 425187 261139 796788 857140 761984 202955 184360 18919
666358 269510 1259275 155092 849335 595180 455570 172265 285120 1182886 124266 163372 787521 513886 1153616 536392 775361 972512 897948 235005 232004 991098 128563 945057 1040248 16984 704691 756367 121688 775791 1073023 1061331 446354 530459 543825 948192 111246 13584 567782 286606 423580 201951 761651 1012775 1026620 196403 673436 325710
646429 267946 677614 877863 806854 1080210 712541 186351 348562 66214 117994 393591 1069647 929644 1152508 536378 111462 804417 204540 234471 235039 1040248 130299 547875 660954 1279818 677611 1131378 456435 775177 988328 816091 203410 1061616 1161492 983992 302706 342848 626629 669236 425075 255905 677416 931776 269771 1125978 1038220 156196
831082 1165830 522007 391652 604455 646035 324613 929760 354079 490571 118492 393151 787213 1154481 858250 936778 104502 937837 249800 234924 220465 1040897 609147 775187 1040880 469932 851918 1153743 738530 776033 1052153 392486 199331 884857 1131128 735109 1030805 223510 1084144 699534 422869 203872 1128033 932151 263935 249865 872030 25206
830457 127225 799014 513478 657227 646063 752767 170250 344843 89878 21735 987879 787253 1152145 532619 1126374 831232 937594 195550 224991 1082277 809287 645850 647136 100147 1092676 1091099 603557 854115 775442 1149114 147008 333960 531010 648494 268756 1154125 482899 179764 914791 423027 442226 897610 932567 263859 248806 1051171 22799
830519 112808 1101244 855878 405054 810013 203200 906689 354619 1012095 16762 371979 787749 1154076 1153404 1187008 412609 938107 303278 342511 322042 563239 178376 707004 336757 730683 882567 563382 859597 775304 217512 449935 335349 811232 1130363 93035 1031006 1142734 567505 706956 423270 278142 499667 165807 365593 1126498 644144 285988
247361 1153235 796299 99493 688327 646161 202816 187007 249047 1043951 23232 61863 775864 1151543 823467 1153061 701649 268526 1087444 506764 278641 1007362 129433 433557 1040889 247065 665924 1131840 739422 775655 225041 129608 199304 1123913 1151863 762587 1083501 342885 179758 656731 423386 203885 1038645 932061 278142 343331 1150935 760908
660828 1153565 653335 886586 781595 646891 616195 166333 286500 808517 122126 321894 787571 608671 731425 547119 188175 756290 313386 224384 225915 786876 129593 1058318 598487 1171458 732068 543961 460785 776088 1137098 1071425 199138 979482 646800 776110 1154209 336574 1131677 333094 423803 203027 677313 932539 342471 196268 816703 14014
861242 236461 654423 716885 920006 706258 782347 469462 348136 917267 24860 393955 786863 1131223 1031268 535996 775327 682489 1030610 234672 276949 911660 234889 775149 518882 184543 704170 543645 464940 775659 205259 76138 759868 943307 1237998 929223 1151770 319813 622898 1100281 422772 279927 708525 762877 282854 163261 673071 15208
648881 312439 282385 99507 1240350 646134 446383 172114 350439 67372 25446 60957 734895 775079 536155 535774 9151 252607 305006 342081 322028 816919 177580 547866 625885 186237 835706 872547 460185 1153110 1052322 1087903 199645 683108 916974 775095 1030389 343276 670346 1058753 424705 206817 717356 932073 282633 196132 597642 15294
932955 339498 676791 159432 806868 595942 448229 171692 354403 1157272 14702 988434 787384 1151091 731034 1153574 999579 253403 788301 241065 234015 992101 697712 682182 519477 159923 1090838 706953 460833 1153146 887157 451140 333890 943605 786826 735404 1154595 195686 742532 968906 424624 255540 1278932 166477 1113697 249974 629880 15382
929980 232146 312776 1120867 693636 831429 294309 864537 134619 182485 123679 184679 1068279 929225 834907 1237233 775905 1095830 969449 232070 214933 1129886 129152 678161 518979 182001 1013128 544152 877765 1152335 883458 128345 335561 885585 945057 536438 751558 204497 184932 682233 424607 281603 506347 166391 263191 195896 958755 13720
25680 113284 1062360 713520 1087937 831483 1014080 170212 1115350 145807 17008 389817 566641 1241207 1153560 535652 578373 1007323 1150522 226029 321754 1040467 178238 522934 97163 175072 971988 783537 457250 776213 220424 1088481 331941 1146990 1161384 899981 1030932 251772 918452 710750 425201 201574 796697 763397 113202 1071244 592492 176475
25180 130043 720177 1236209 524250 1154210 455286 314679 352338 469943 122331 593582 735159 930032 287252 536158 107099 972757 335247 234536 1096160 854763 128257 815447 97374 376308 882724 912201 860124 775579 966454 128893 22584 1076297 566223 775864 751708 323450 1133619 333276 473224 206674 606356 393284 1189674 314558 569103 13635
24710 909252 852391 772536 806572 830389 451846 170165 1095530 158130 15696 393018 787816 948523 535523 1241669 110940 1006985 838647 227354 209572 831021 232432 1098322 290578 1171559 197488 846885 465094 1152744 217684 602497 473428 1106575 916948 892872 648877 235913 568395 1186554 423689 203185 717221 762659 282932 199053 942104 23333
609946 936995 1123994 408730 752665 646264 739349 170297 223190 252808 123813 344216 786965 678862 536285 737117 424756 981531 1102818 232074 251813 1130286 820999 776728 98064 505523 714925 787824 739571 775231 678947 129620 863869 1123883 917699 923882 809873 219281 626052 775860 425278 794525 761067 869059 263387 249312 598480 18405
929739 129745 1038298 1161199 849389 603905 752721 646666 347627 472096 24941 940862 786997 775659 756958 1152948 990267 937715 335482 234447 605669 561068 184092 777663 660564 970192 703704 972338 506127 775942 1036060 945724 322965 861089 786984 775576 21447 195521 900322 523952 424288 274234 795800 184473 283032 204720 1087418 182109
573919 177600 1038637 977925 849008 700119 296317 208481 285387 1003185 25002 393658 588125 929941 1152506 535376 720505 891498 195804 235890 271528 930507 104172 681073 518431 1077496 991367 1030281 465416 775102 620469 535602 199697 939282 917315 775879 1030346 435423 1171741 1153267 423679 201704 1002617 932042 117062 249273 235039 23159
646312 1153067 839404 460304 806029 562589 1031356 166474 300757 55925 16398 350899 735585 756604 756927 536208 948219 706765 810355 234652 368800 797389 231786 1097965 794071 181852 704008 1037309 559310 775993 217473 129140 335381 530565 1151809 808294 651823 471134 795348 806187 778682 203643 77184 166851 283396 202968 987044 24226
25966 268067 874101 232743 1110272 646318 203437 170308 223886 16304 119215 652176 515268 845729 730931 536246 111675 325380 820425 234267 221093 1008009 176604 1036652 128790 174129 682320 1103512 1122470 775383 690571 387542 322852 97520 834763 697455 1153977 386999 528317 1039579 423140 260458 716411 932737 263609 203416 855438 14436
831053 314990 775429 159288 1152550 562432 738671 169718 346016 16707 16532 183665 635291 1151712 1119421 535923 413118 335350 314538 227073 289402 1007231 698326 460871 1146314 612552 883458 947898 859878 775858 384905 174533 322551 519114 1154061 697646 651806 384065 170035 525984 423100 211012 722495 392827 231366 195844 942647 14257
239896 267198 873935 927427 806385 830661 738389 167944 333240 489563 28684 757775 701100 756335 719267 535629 775759 938873 880752 231453 1116713 1008168 189436 777843 731864 858503 719684 1150332 738645 776179 222354 1204937 200979 781671 916910 647194 944451 15020 166244 906794 424999 771673 506228 932651 269494 197398 942304 22806
238675 228140 318153 1193505 734551 563418 781975 170385 238062 471121 16115 101575 787107 929822 756990 536396 424275 618768 1088088 225172 281053 1043713 178182 547460 177374 907434 1091114 810001 738850 707011 271511 167923 335619 885639 1152582 720065 1153734 309448 180003 805974 423286 341936 896586 691294 886586 199378 788001 605487
563120 261955 874263 94501 648897 735598 297434 945808 354169 1182429 25132 387418 775267 1131875 536486 536501 721430 446938 308123 263332 233388 1040238 630431 1095718 1041046 480722 704508 1031332 860805 775327 1052392 246972 336093 773155 809896 553729 110509 536138 179569 1149351 423870 1084111 676993 166159 371883 324569 1056021 24913
24657 267667 677456 100753 764050 734386 656802 171495 346365 477524 14929 394019 911318 1131453 330245 535257 1130131 652107 336015 234203 321979 344973 66721 456518 300667 184344 1058140 1081227 860528 1153538 278980 108661 199772 1083084 1154353 1189729 1113845 240105 109795 656794 1031157 206517 796755 932673 227550 196641 1038468 22917
1127547 381823 795837 302526 929321 830968 713524 124657 137267 67279 14198 626968 787362 775651 731528 899570 105011 1048599 229809 234836 276336 400246 176404 775461 626528 791703 1059705 1055328 464807 649314 219581 173664 483872 861319 917587 219152 1031151 990597 742863 669402 778849 277958 1170852 931646 263289 203222 1166856 22447
363949 263935 1124565 1117417 848336 647070 739127 864031 302960 857101 22766 455728 701926 775428 665582 700470 189054 1007521 249706 224649 295858 605842 129733 908301 660453 185626 1002072 543783 459576 776167 1052377 187716 31567 586212 1162228 550387 929307 113265 114669 1058685 423957 203491 896881 166806 263927 721573 787821 15391
28932 232176 873510 761866 657108 809778 656141 167538 224006 708510 1095530 392932 734880 1131923 1153286 535474 188055 310574 336101 298648 322370 868011 819244 787776 187274 181752 704154 1104102 457470 775935 563388 128922 199556 579877 917208 268085 933742 848499 875814 969216 777947 272849 908301 931910 274572 196769 592211 14042
695538 313188 795922 1120541 603490 830461 920079 187306 223989 611906 118058 66334 735548 774996 532593 1121734 720919 252054 820023 275252 234161 400123 177357 1086994 682037 100192 1059844 707767 860176 775452 1051640 129919 31301 781748 648464 336638 1153938 303522 455122 806236 423918 277407 717504 166926 1113454 203783 528710 110333
473126 128580 796179 154242 603471 1241567 295153 574060 223793 239613 16255 181713 1238020 1151300 823257 932207 1000063 678874 1030979 217532 482141 991864 229243 678830 255157 478866 703823 946770 194370 774983 1052240 11818 19573 76199 1154214 561099 189149 331074 184619 669759 314177 602674 874536 932138 278089 204476 1056611 1146386
25171 339822 840188 161707 806628 647944 920282 166654 301492 1065670 25673 393186 735614 678929 616883 757223 928713 327790 249625 241041 69568 302452 67160 458720 518959 505810 704251 929540 458781 775959 225580 108096 199485 752439 916860 987249 527431 303486 691179 333860 422779 293939 717281 857676 112834 249597 855429 683720
207403 177905 312921 1111212 647440 830858 294745 170529 134990 932969 25823 393542 786660 838084 666394 963968 423343 778588 196432 268153 243640 348804 126612 678216 202877 184567 624098 1084003 465413 776078 225191 129815 525746 885491 872618 766574 810486 28921 639200 669282 424521 332064 1039402 166407 283381 199526 598515 14903
854494 113725 312041 1154988 806061 881005 781916 169056 347082 787543 15868 393733 786641 1130727 380481 1237409 105539 937997 964392 225643 206338 399832 234679 1095519 204477 182483 1059874 646120 738787 775336 384388 450762 334970 1116563 566061 1048284 110544 362898 794999 670104 423280 274555 505453 857997 249062 199648 1081796 14122
25856 113748 874175 717029 753283 563234 849187 646429 497148 491370 25830 92590 787839 838295 1152486 415409 721375 938742 337619 272438 225249 778391 189446 802965 750942 670140 704252 1130875 738848 775651 1052469 454712 484752 1063005 916765 575153 809828 13031 1172154 755438 424675 934488 762354 164652 210302 196716 454231 122204
831355 1190093 1125308 159901 848319 563323 782423 168289 376160 786711 123464 759969 735084 649168 1077817 959751 423300 786716 231175 227009 1117385 519032 818802 604314 1041202 227317 1039629 1131520 459748 1152616 648285 173617 799481 506047 707012 735481 1030570 470929 176444 322691 423793 321803 717475 931788 267634 204660 609570 15542
661203 826638 677952 162089 806541 537051 203895 170610 249863 226601 14515 626381 700860 1151955 1152755 735403 720980 938102 648820 234307 208867 1041221 419549 604269 519000 123386 1012497 1070504 860505 776133 222258 167341 334546 98029 916749 222162 797206 342886 622202 830415 422973 281135 776078 932120 886626 197513 763522 992359
830623 1166257 874443 706699 806974 562566 202853 171317 931819 490683 16239 167559 929057 1153860 312461 899863 690793 938502 313865 235630 221206 778133 232524 775920 202955 1171810 768190 1149808 456958 775280 216732 128989 468639 579975 1153670 542596 1030869 376672 821016 1148783 424151 240355 762106 855234 213230 196408 1066195 940356
25542 872809 796787 987265 782407 930024 848198 763262 691952 92530 17033 757223 786954 1030221 823515 536088 18729 1007602 285637 242581 1127734 349017 819154 622004 597395 1036163 1060335 699353 456662 1152450 216554 602794 312228 682949 691611 775429 1031228 330892 819136 670160 424447 884631 676965 932459 24574 195674 569857 14786
830789 130549 720539 1110331 848663 775981 919165 907505 347160 1113641 25076 393083 787269 968211 1153258 535655 423580 268026 285958 234660 253537 1076436 258274 938586 98303 669872 1060088 543189 460165 580119 623879 128533 332520 1117410 648408 957577 1136147 956525 742171 682118 424673 294691 1171380 931650 277406 196283 818620 15197
563595 270036 312147 113124 1130775 734528 293966 1058108 350226 93073 119466 393217 735528 1130679 737728 1165681 112516 327051 204881 225886 339941 402717 128130 815845 314189 182570 1059102 923979 756600 775107 530508 129126 334469 824507 1030702 971421 1154109 457406 567608 1149239 423334 207698 716540 932141 264154 303195 816808 15408
291412 697483 653332 712650 849372 1187299 11941 957022 343755 10517 118083 625874 1152025 776150 520072 536155 418187 938171 196062 226831 990322 1124232 18300 1059684 519083 186170 767403 912000 506042 775764 219467 173769 484832 1145984 916766 1240663 1154467 1256967 178884 802227 314428 934519 1038012 166298 264005 342798 454247 13031
24873 232552 720212 986674 712748 562848 544116 24516 344145 946717 25905 393959 1160957 1131463 956747 536177 423442 938808 786589 231845 521022 399957 231744 460397 877609 1036542 666238 809896 502207 775040 216429 602992 488188 506528 809956 734938 110933 991325 1065835 695474 422752 201638 775096 932468 111349 202110 609042 14757
1241669 1033127 313281 162706 635829 562890 739108 212893 288239 92656 119858 987842 786810 1154125 535757 535405 999852 1007481 223558 231663 321227 336346 231765 776123 97107 904441 981682 104926 764384 775301 455990 128710 199682 1162596 649251 488944 929175 303344 939008 688327 423730 772224 677614 166026 282215 195773 569193 18910
24940 112947 313136 159665 849236 647273 293837 966737 343419 858203 29862 386612 1083594 1277305 18418 516966 1130982 972784 1030376 234982 271844 1040164 454916 778588 11991 333986 1090119 602562 738583 775666 279404 12380 196898 782483 809672 984216 1130226 221653 575409 1100211 422901 282276 677479 932082 342490 313686 1237898 1028146
563262 228230 796043 99622 849083 595113 202978 762472 348392 1132987 124224 387370 735008 735440 719747 536418 702053 972765 970974 241937 265317 787543 234761 461295 519484 185790 882846 543419 860233 775945 1061331 167954 203062 1062999 1161753 775203 812360 556097 611803 1058905 110685 282404 586100 185740 231774 204930 941883 23141
929998 284179 637085 570624 1107566 830419 318781 186973 347247 120020 123166 321615 706711 1131670 666182 535801 928629 937752 1073547 235099 234065 991820 178003 778849 203519 997349 1059450 902186 460931 775356 219512 129354 483996 635927 1030389 735513 1153871 1078240 11204 806962 422792 202249 873549 931958 282520 196188 568784 786648
256180 283412 873866 977793 848306 567302 203619 170175 348435 50193 25306 174024 786716 1082158 1152617 899026 721266 706927 303066 226634 205070 286791 820650 1095917 518923 123138 665384 1131820 860875 775156 689375 130645 331853 782607 649444 854623 110578 379569 170949 199877 423455 505563 665673 166970 870164 196535 1056091 595513
830721 113715 796501 410832 806396 413528 219797 166736 290874 732252 15269 393084 815887 929680 536086 734404 350051 310833 1150581 225329 235583 392437 570490 482469 787785 1171517 1060225 947733 702071 775700 95953 129388 332012 1162992 751644 221565 770735 342705 1065998 1121651 313575 206895 796501 393186 277304 382946 788800 1027970
986606 787736 676126 158542 1067698 562928 455845 187515 455626 474321 111323 132663 786696 775864 786962 175450 775566 1008197 838260 271174 106790 1040835 189877 1028433 248860 292237 1090829 502188 739095 775817 94214 167324 334749 530158 916583 697928 21263 991065 993062 898691 422830 206751 677606 166392 210345 1032204 592938 398226
1151370 341369 636892 991692 806028 566142 782471 574136 347034 1156940 25872 967168 735483 948743 578755 536092 707129 973278 204524 232205 265302 778747 870516 682303 636153 1070005 732197 698345 456902 706986 262196 174712 199834 23422 944526 735092 1030349 242275 15811 656809 423276 197151 874366 1012142 279752 197276 597901 23257
830258 1165408 312047 1120565 807035 566234 848964 536439 347902 92263 120062 392971 1120324 916692 817836 536002 516981 312020 316893 231902 270997 1007804 103620 934813 99903 698442 1059469 787078 345256 1152899 315755 186858 322861 900589 565859 1114872 446050 295118 771205 1100626 423758 246684 796252 858138 366306 196344 598070 15177
830783 232057 795751 159479 656795 1240453 319451 763105 344576 1040893 15542 987850 786844 1131832 666312 535737 646410 1152524 196068 226460 321678 986886 130109 468852 661273 1172674 1059574 787628 859947 775722 681010 449931 473016 979970 916529 985143 1153704 382210 175694 669381 423121 243157 716710 184844 872240 196104 936325 13410
571109 232003 312734 987661 1087598 831192 1111448 469096 353377 511587 18810 388460 516757 838490 1131391 536294 763199 269071 203734 314667 328794 930902 820857 622454 518323 907848 719979 566514 459401 748795 290196 167195 608078 168556 917589 314547 1030589 456817 734039 228848 424622 279752 716370 931951 264213 204814 234785 523477
782864 178756 882333 156607 848804 1095835 294410 733162 287471 67182 119524 388047 566770 930233 864388 735490 413440 973338 290481 315306 224927 1040507 128196 911398 1058559 161600 704711 564951 458307 776232 216831 130566 332027 530632 916876 841366 1151300 304062 1139615 838600 195559 282180 594702 932382 310209 196678 569863 18852
