731269 313326 309540 782398 1150320 840103 448543 782524 277282 265298 303639 203618 259930 918720 629774 968635 557109 248714 357398 330643 1041740 845376 1127384 266622 197253 691847 756295 222243 563887 1262403 337203 223617
839565 225224 955918 781766 646211 940792 448416 734528 940501 261357 900610 197460 565120 1067938 527731 377767 184073 233517 331461 337203 135029 265010 963428 283425 197081 691710 1070114 345632 319648 1261808 331313 917531
940227 344913 524170 781726 1150684 941090 9250 904630 523313 883531 1079467 331461 946991 290982 1069144 450241 1063471 292877 730729 330280 425586 221443 553010 213994 197363 691063 547486 348713 1032033 1261913 260001 364187
970611 224056 218640 866958 1164963 1131718 336265 917116 940231 522946 552176 203910 912468 333232 571936 217257 757133 239816 196341 284324 743290 261529 661291 265296 331948 615693 1142792 345023 444638 1262766 336165 290806
522756 290524 499474 730579 728355 602559 304465 522696 277229 1062006 859729 470761 944582 683292 506451 347548 585464 248219 712569 336265 217171 302617 541784 266517 362402 579297 989374 365707 460084 1262821 198840 288526
839380 356566 278436 998182 809672 940525 205046 940356 904630 840023 956583 306113 1131071 367678 1077686 496561 181578 328037 332121 308084 237855 374925 512631 278619 331313 650382 616140 349326 357398 1262543 331833 917434
523269 344890 552750 782286 1030704 602221 285279 567533 443722 1147152 997315 485791 912974 226723 1129884 228504 18906 380378 560599 330729 173849 284599 957772 279692 362879 650116 1142004 345050 105571 1262117 260251 917473
941239 290244 517722 941471 699534 940360 445173 1237464 940922 940210 61058 475658 565871 918895 1077332 229972 685089 337550 320755 670783 309274 215032 542718 275115 362398 691484 1142026 350062 586208 1262480 247956 917662
560100 1190122 963501 839793 991352 602244 186073 941239 940411 1062932 1055265 472123 564921 434792 789943 131333 18314 238988 602383 579818 730330 326571 542281 202679 203120 1125839 810923 363218 161199 1261818 198499 345309
842833 357487 606468 919037 734528 940885 286210 840178 451132 1149149 251685 485564 912128 439727 1021594 314798 184719 293122 523410 1262117 245217 294624 789476 275262 361754 815255 97514 345217 552236 1262049 197608 690612
839632 1070967 1256552 782312 648920 941096 448348 940418 202936 940380 230051 329082 929531 1118549 1068903 337150 386783 342410 205525 330337 660401 225514 964127 269710 587745 1262307 1143056 354279 499769 1262801 584722 1077146
601855 286320 907100 602170 646233 522590 290526 560795 445625 842531 1150913 295147 566035 345774 592298 338034 18418 318738 382422 328660 758063 262412 660034 284233 365369 899378 1008386 286607 789157 1262254 196381 916923
839857 285153 1051489 1106738 887109 998120 202948 522361 941117 560685 236512 198989 564973 227403 674148 297203 18686 304941 522647 318123 115837 482418 324399 264617 361766 649845 122868 291156 476395 1261970 584643 532396
940356 280385 970693 782575 1058258 522826 444734 841690 941191 870102 891591 472017 990675 735759 856566 290982 756936 333957 734528 264559 1224812 250667 1127167 307318 199750 1125497 650453 319832 1015223 1262871 496696 1083732
282247 197301 805439 1096712 957276 522720 344913 940182 448638 311336 1088210 248736 1154603 227417 900870 455887 182546 318320 866812 317499 609338 564376 1139502 267722 362825 536390 1249502 355557 18006 1262723 198251 287847
781623 326168 774797 522395 751338 941296 181048 940302 444356 261881 970910 273742 1131718 241872 572426 376324 176671 264546 998660 336880 672214 212608 963716 268843 199473 690708 704675 348804 552731 1261898 201209 300944
781786 287160 1026342 941290 838916 941265 443946 940754 941164 1119528 929418 472902 564902 659722 820582 249451 184447 301414 1107478 336690 672516 286527 1078507 276440 199556 580449 547536 345068 505548 1262641 491113 290229
739456 317268 932520 781570 884428 601295 184227 560434 919829 636383 259787 203021 307168 242777 1133367 302197 131423 885720 731266 329082 1063863 295997 667122 214934 488150 899669 571305 345905 480017 531476 496810 290215
602338 224012 1062979 842603 1030751 940219 444463 919172 940761 919437 471627 336375 1130841 326572 820483 348702 182541 253422 999163 284177 1277208 569689 1127316 209758 197513 996646 454668 342885 118014 1261955 334420 337774
940606 330216 1059707 1107088 1149798 560784 423886 866980 1162885 866591 325295 337199 1161989 170367 1074543 249290 938606 290119 496841 330780 968872 218639 1256936 270063 362754 1262215 815779 324436 317954 1262030 332140 222921
1111113 665387 955815 840105 1088271 523207 336919 1186093 940354 840170 760706 203897 290982 914448 587196 308789 18465 287708 940296 700870 250944 246711 570927 269130 199266 691492 1167355 260187 317684 1262477 491459 296913
919940 317404 956358 782035 911618 918197 436898 839968 866541 201591 1130257 203067 838036 1079881 587222 307198 181656 284368 203682 336834 557402 305814 783593 269420 201405 433771 955742 300680 797280 1262226 196730 917226
866564 434681 714779 782515 669689 559900 326946 940795 842646 969966 739276 203421 565512 847744 1223914 273054 1196969 329587 731502 330365 461280 246450 695545 316725 459704 649677 97149 345892 792718 1262142 487608 287258
559783 316004 829868 797921 1150235 940681 448391 940755 940489 1111012 1021059 469692 244306 1142474 1068453 315865 184416 203545 730908 297689 340606 363654 534047 262428 196851 691122 99982 324126 330982 1261805 260066 290759
451797 333971 984692 713092 809768 522649 303082 941292 940802 1119609 300274 203468 1130875 847252 1114479 302163 1021411 523293 195581 331155 612009 1141377 564358 305442 332323 1114010 1070407 344815 457140 671722 318107 204575
805451 283661 963631 842274 981331 839773 334571 782196 196471 1018243 1188339 473099 1162235 1118834 820735 251857 605837 295421 731238 209731 202349 299276 994325 275908 484490 1039796 414233 290454 289970 1262419 202851 301251
451264 317821 454986 1106845 1088368 1113109 346493 560812 336088 1119823 1076213 480539 564999 437874 1164029 445926 542212 350184 367817 317827 483474 318645 116414 308876 359321 691631 409630 196683 209814 1262413 198395 916441
940332 439141 773852 1106446 838939 895158 423129 1111289 919919 682174 1079539 202452 185662 846986 1068373 229566 229176 348726 497815 266648 774137 278813 550238 264627 362821 650533 939704 350524 564458 1261826 331900 314124
940910 434323 798312 940633 648720 514297 443616 916907 523293 842378 906972 472889 1030607 376324 505679 310134 175332 249191 195797 330884 900590 251265 786248 274654 362640 1132775 947760 366186 588063 1262728 259930 916529
365279 320719 1257412 731731 1031334 656380 446247 940411 601783 970874 891505 203128 1161250 531586 467 1224055 128454 329702 781976 330953 918327 204323 964056 213425 199054 1155202 546988 223495 105683 1262388 331429 300876
940254 445987 1140010 782697 917233 522476 217440 566243 940452 854188 892037 316218 204870 312724 790502 323538 22794 472249 265395 221155 1073863 494006 1019825 283509 362280 899192 1142980 300776 459825 1262545 197982 1151415
522743 330460 1252241 782708 673035 842207 446790 1162235 284177 940335 568386 488077 561311 348015 788883 319126 183742 295133 781960 899378 700378 204669 737900 305018 361645 650273 91262 330654 23002 1262914 203600 917628
781787 344891 786281 738370 649340 940951 187787 559823 601292 601453 58844 203713 315777 698776 374836 440362 185149 317651 805484 330727 632138 239938 541852 226222 484484 691816 940157 347925 319199 1262078 264539 323908
941115 326362 841987 840209 1152142 941379 356958 560025 866799 895712 1219301 202128 564996 443998 679365 377775 184577 294828 358388 357597 44522 336609 1018955 262564 362750 756295 288883 357636 25688 1262277 340655 559418
840316 349820 804893 940634 649506 842403 181172 940423 601652 626541 815712 471059 561075 542692 1187916 284906 1127239 349020 284846 344587 752026 22349 645031 275386 365279 651402 828780 287086 282156 1262642 329133 354673
940563 223242 584161 781486 742391 842459 326572 690612 840224 682255 735543 203363 809672 249443 1189744 326696 176614 325932 459691 344783 818475 295217 551252 262279 198983 859147 989334 345377 105410 1262307 497492 616249
782219 334389 269575 920059 880567 559922 443436 523322 266000 1119486 739572 471465 1078791 271833 502762 290310 184425 264381 297627 923669 942388 297300 258658 213907 484654 1142207 1070483 345240 118179 1262274 198737 349443
866975 290703 763185 522361 691212 963037 343040 522756 941171 731266 726021 306782 917298 180993 1022364 318796 1209164 331686 522505 265927 497427 354605 984980 304581 361908 691112 115400 355964 788230 579342 280142 300680
522694 320553 1126682 782126 699447 904759 173686 940907 919032 941174 651224 474897 565349 1099661 296063 285103 466140 1006269 941015 337054 174665 362330 1078364 284177 197059 995509 928700 357597 105613 1262524 318747 337561
782515 319815 9795 559944 1030339 522487 445013 940338 560041 265768 936406 199553 1153631 263128 590806 221969 182333 266116 941028 265251 573869 71434 552696 328736 255339 1004839 1117046 324488 1017780 1262375 336265 300429
866120 1072451 491540 601855 1084087 840373 184769 940809 904212 730970 1225117 203119 1131797 851131 552526 308223 1130188 265678 497521 280117 323544 319064 550731 300215 196917 690593 1116600 345266 331226 1261995 330088 288234
842602 284599 442695 919569 646397 601186 884920 940446 523281 1072357 572312 202461 565203 226734 672613 377535 18278 362522 283453 331074 837439 296152 275319 263183 362164 862120 1237168 345917 265256 1261941 332401 917249
522458 264791 773868 782219 1130253 522762 454913 940366 266369 1119765 937305 336850 1161496 857483 493 303407 183346 336592 497363 265266 608974 292717 748265 216103 203606 282906 1261820 434546 264508 580037 198573 787193
226251 284222 984512 998209 1150622 842428 443846 1065636 941208 1119033 868435 332243 1130070 326394 1035676 302155 15694 349820 1029185 319295 287712 233132 564818 308529 365150 700617 691710 319038 307388 1261696 203910 222243
226753 290362 445013 782642 872722 522967 312754 782449 842333 839110 1050804 337203 1048979 168312 1042163 120637 667223 287243 496696 336328 363065 499094 250277 205448 198360 861676 1262445 287160 309397 1262933 280694 917311
601639 222492 211280 1107395 648757 522415 10587 842207 601931 206866 537915 484748 1237766 169959 234178 330008 18834 312714 331203 317465 158036 293105 1139386 214853 198674 690720 827913 290829 218249 1262840 331604 349820
522395 1032207 774431 941030 564973 970247 176361 962812 1047706 271807 669796 488062 449745 377767 789157 310255 427861 220767 204700 295147 835878 51853 963415 215069 362715 596281 1035030 324568 459704 1261802 492287 857583
1119328 326242 715003 919817 1206226 757509 223597 774787 277469 1058311 939813 199473 1131424 1085238 499965 329729 19418 268452 523431 331299 624569 286737 1078824 302570 203934 1172644 540977 324454 319724 1262633 197647 302426
522647 1072186 590514 782391 647029 842833 221099 615804 920232 998743 763809 473223 1041441 207324 824334 287577 83405 345733 202963 338419 202019 325473 751870 279047 331362 571204 812348 336412 317873 1261677 651062 224085
969779 286814 523557 962703 1088305 1106354 455887 523498 782709 1030049 737989 203673 384561 456234 262 602017 844354 248166 523137 297657 338448 461358 670638 306487 335127 533995 1258121 260284 480682 1261700 332109 648570
560937 290549 346325 782142 1150364 656738 23947 522345 940983 998098 492558 203959 1131015 1059533 1068349 448391 874196 329929 839827 344921 308792 277233 517840 225515 201154 690995 477947 344948 136389 1262435 201060 287464
1013775 262522 906451 713146 649423 601743 290123 523150 602027 626038 341293 297632 563224 862884 608457 443365 1179746 331407 941143 332292 1127109 300735 889111 329300 364761 700581 1096999 286914 313487 1261821 331763 290982
969763 255012 1078152 804757 1087604 804426 180246 730729 940804 280117 787569 488450 342666 702518 1056092 868047 182581 267464 731261 222675 672504 426657 1256827 278774 202936 1143218 688717 349820 297627 1262037 197917 917668
919283 1006522 1257377 712899 648983 920006 217602 940720 731638 559959 822641 333867 1151137 301938 822856 215527 183224 218005 497599 329302 188448 345541 1257664 202393 332412 615876 1116997 223510 317658 1111743 318471 1141484
731513 303407 1127076 523269 1129637 523114 326168 522649 940794 523017 696707 483793 810134 316004 695361 309540 183370 334180 457582 296709 294998 301573 1248672 316342 203544 1126329 408273 210299 296719 1262322 197780 349092
305505 223474 320028 998873 1149841 919654 227417 602135 940703 332292 940076 470164 565447 444066 581864 271672 717511 491677 730866 330526 1201468 319232 837497 284568 362677 690784 871102 317821 480308 1262290 490576 324664
781570 326572 984362 919207 1031006 866827 128158 691474 523017 759921 232744 201591 1154107 440472 552842 286575 10939 203272 941194 691258 1183265 343508 1042918 316315 197689 691232 920673 345817 24337 1262605 330572 363719
805768 326125 591104 523149 1066580 842045 218023 842677 940525 542692 1117335 601821 1162123 434727 993697 689655 184654 239805 492412 336519 420977 261516 1256674 275011 361764 615584 97272 290849 276990 585607 330643 917259
454130 308830 556706 1028985 917360 559865 318796 782334 266622 196168 194234 154189 1175627 225108 741920 286884 182117 293502 307758 307689 905617 307668 534373 275247 198874 579877 520551 343373 105266 1262751 331682 916426
1106635 326791 1062239 656108 936806 1111236 345276 559838 940563 625786 1076088 252948 1161775 1118755 1076119 305032 184623 296442 731320 380739 1022930 460892 841256 232531 261064 1126587 1116966 238395 317634 1262659 228853 286674
940471 300944 273550 940417 649357 1106444 478911 601730 450261 1090709 1080227 480014 1237152 300070 209814 249632 182511 321290 356566 1262821 821188 30778 497625 214257 474867 650453 1052424 204355 670314 1262602 331816 916567
941265 320832 440164 560515 591032 805799 456117 940681 522335 1119743 229602 336839 221565 450457 974285 205772 15831 232713 497290 197193 1182791 239508 1257631 209492 361892 525255 1166140 343731 26201 1262075 198692 678955
523031 297066 1253601 1106812 916866 560730 184293 523114 601743 325518 1013385 203576 872533 1018856 555966 884720 169861 430008 203021 330769 334495 260023 1063151 302101 199378 547365 927170 376160 727303 535287 1058018 338164
782697 434201 988935 839821 857799 839519 280080 940945 280938 731888 856992 481329 565239 633405 558066 345467 16367 246355 355732 330421 586997 260991 1015803 213501 361639 1262185 1221611 323597 277620 1262648 624374 337927
1106691 272383 736804 656193 639235 782312 9961 842095 523114 202147 700470 202857 561099 451474 1069128 1092420 531508 330480 358593 329329 816187 324159 926196 304941 367575 529987 786219 287256 1136582 1262721 198874 917360
805753 296026 785712 782157 1060766 730579 447245 804788 264559 840383 673371 940755 565906 1119363 82107 309225 183358 295805 522371 264435 153932 338811 1108601 231744 362709 690691 655408 348195 22459 1261909 339432 344718
866140 296472 1062040 782321 771615 805162 227420 919578 523969 905339 1050840 491038 944142 443722 499701 326786 1188245 199610 497448 301437 787863 334540 542097 305822 331222 1132885 640948 314850 876983 1262056 925784 222478
606583 445684 791607 522691 1150522 656528 226487 782304 202963 905098 1109102 469679 810569 239029 571620 489752 181894 221968 354573 345757 974152 228858 698020 252395 1121998 615480 1005212 345397 320805 1262664 280063 285688
522930 325989 773742 781919 855104 1215324 213288 560360 940763 919167 816398 203934 912453 496539 1079487 690495 1100421 344527 280809 209690 79123 331424 551720 275360 476715 699705 918386 286244 788302 1262105 203768 290310
177995 223965 661828 738626 1151737 560788 444356 940792 805096 866980 518111 281129 176246 289429 936731 269628 1012868 212729 203910 324390 5601 363183 979332 275366 197579 678931 1262676 324578 429039 1262624 332145 291008
940862 313487 1065126 941465 916770 1188369 169983 839132 280809 782371 474334 279738 1161937 441240 1112872 311794 1144953 328953 358282 474393 690072 272446 218906 309076 273742 686975 655536 336733 266076 1173884 497004 221811
840103 301902 188062 560443 770856 919725 186219 522636 940615 682642 1015180 328277 912709 1178028 824681 269575 18873 273801 357924 276213 610024 330595 1091194 315865 335205 885751 998927 317988 617871 1262506 280695 246944
225355 330219 984235 941239 1087382 560110 438200 842721 560789 681622 1075944 337526 308066 721343 210747 225468 181053 296656 970704 320420 284502 231204 291636 312491 197400 1171757 1262516 224092 497363 1262077 328720 290061
804935 445508 191581 712584 669402 940345 438021 941462 523137 1058053 814748 180846 565401 831428 1120420 456868 584844 260001 497022 264791 799560 853501 957379 205319 363998 691021 827766 320869 716945 918164 198553 290429
941290 1156190 454240 738941 1084350 940333 312074 842746 559900 522636 518493 201520 917647 169957 221536 206163 185239 210813 839187 204174 1199700 204203 551926 278606 361992 524863 939047 355967 320755 1262516 682175 1266399
523286 423703 310134 522338 649452 753310 331364 839345 804860 736284 392361 481503 1031215 944331 788717 288593 840880 309401 357386 329587 309128 342650 1018827 278940 198989 699753 866587 284873 963690 1262038 198734 917580
453011 1073366 318483 1106608 670080 1119061 350147 967768 522602 280440 494774 297508 228865 327915 1111813 215653 489323 136022 839834 297480 304298 277804 719016 261881 462558 690994 1062275 332630 177739 1262225 339907 286925
738346 157784 23728 781787 1152309 941326 285847 941282 271148 76138 233177 275288 1237883 560217 516461 445287 1196348 225112 331737 1262345 720137 233160 550938 228821 197348 700372 960928 290890 329855 1262199 490334 917147
998766 153282 531339 940759 912979 941068 345332 1029185 302018 522262 324411 201994 565124 977259 927068 307169 185026 730239 496926 259650 1140139 251107 781431 227651 197216 1172585 635851 353717 295414 1262178 318675 300964
839990 217318 302219 842462 1150581 560192 217352 919095 445269 1026875 990000 332246 565598 205931 554860 308468 183667 248988 203783 1262078 784188 336222 224589 275243 491634 770143 989046 318397 1127009 1262000 332243 673035
738876 203712 837106 1013756 706586 842551 359266 560069 920003 1107039 553099 202740 561221 602615 1068730 445625 180093 338521 267884 296514 243206 825679 957019 307231 360204 691552 815828 317756 1022129 535713 329721 917233
969909 210054 1189454 919102 896074 940227 203346 1065762 841695 730595 906731 201507 566351 904477 771 303738 386677 259650 940955 279869 532876 240471 889493 277101 197691 1224468 1176827 260295 345920 1261960 198021 917570
940279 203829 602982 842359 897727 615804 336210 970797 940473 730581 63183 331457 1031151 1052932 785257 288050 18987 294405 285191 318223 1138603 315990 790032 279782 199117 1143026 97232 238568 307758 1262561 261608 917659
941381 327049 956581 919136 648925 522823 443448 839145 447624 1026558 502399 281259 1131744 349168 1077745 302743 963628 922827 940946 320529 926326 261809 564313 276809 197426 690912 1262766 355935 1092218 1262615 203364 362913
739078 286532 315757 782071 855127 522901 301184 939303 919095 1073102 1009308 202338 555191 349169 900960 899732 182889 232981 265055 225108 727176 475068 1140115 258730 355460 1127303 520622 330191 264785 1262824 317827 547097
839132 556208 186501 940479 565871 657219 334618 940946 450978 1029621 432203 485042 20873 938973 158726 324416 799513 301353 731533 336617 1234289 360614 963561 275184 199553 691465 1126554 317555 309136 1087359 239105 223549
867037 826066 531439 842079 881010 782467 445136 917147 805542 255885 560175 202202 912943 896136 1189579 286064 18814 381645 522827 204355 262759 270724 805741 275791 459733 1126060 410462 290622 1069221 1262329 329626 895801
805522 319609 315797 940830 1152109 920930 328640 839199 940919 919311 627629 275228 105882 1127524 697042 323462 19075 307038 195774 264408 30434 272672 1079185 307732 475023 691166 1185003 354064 459401 1262604 681182 222498
866666 286178 215766 1106959 1130464 940879 266487 1066146 1046510 202075 1040823 381730 565958 847190 571799 205203 286989 266566 496791 271003 1069352 285152 672681 309324 1070932 700282 928941 434463 698328 647853 485098 223468
941238 285644 188516 782304 597378 522582 439589 916683 601317 859576 579595 203650 1238142 1123089 771331 434727 113002 334623 919602 304441 495681 328958 551116 275288 203839 691189 1052364 347236 22131 630360 329329 349271
841986 300457 180246 840182 532617 919090 185506 560816 523429 941090 516929 475344 304088 290627 643769 205617 566345 250838 332000 318325 340124 280348 552181 307106 331338 536265 688159 349689 340308 1262549 203939 290945
919876 287238 342944 805706 561195 962833 333353 941290 352107 1119184 603163 282061 912114 297366 630417 237038 551812 305755 195550 319141 845932 269933 1257414 227587 362627 1262479 1148074 286696 870672 1262874 330061 290999
842959 331071 933871 522884 1055701 602133 26366 940887 919584 1111301 187057 196341 1149851 345023 1199124 210272 184404 126057 602088 297476 64101 250838 1019830 205645 331328 650832 1103198 330476 111384 1261730 792450 287345
842636 491803 964062 739387 604521 1137450 220704 639026 522630 941226 404527 202376 220200 434318 701407 450590 660401 331906 713640 279548 593342 271401 783832 268937 198692 579381 1117566 323562 106069 751194 330337 300777
731349 265937 774938 839232 649570 804808 26311 940735 941121 1120053 1005915 485260 646090 227203 253537 206060 182336 204184 1029254 330172 673602 196536 571228 263240 197846 1262142 828759 206522 251861 1262701 459706 287655
941429 283740 1257524 731702 810506 941168 128528 565120 962139 1119051 21355 202450 219249 550021 235218 349755 183858 296831 940366 320654 1280346 293022 497363 309374 198223 1132159 1116908 318325 250223 1261794 461465 1066769
970767 286774 964279 970047 898518 1131137 337317 320078 940916 285260 1050864 473235 456368 948802 731940 308474 911728 313049 721317 265311 302557 365304 671715 205033 361959 699775 814968 337825 336519 1262729 457257 285807
226634 329890 773954 782566 670266 523188 203267 700664 920088 626312 971537 196381 19792 452745 826 296193 184643 314112 866258 265766 1150099 262048 336448 213123 362408 1132107 97341 344783 459845 1262779 1091262 337969
805552 321014 842092 782414 670057 657011 177535 522885 284396 359911 736119 473003 752029 293675 993530 309398 929867 243936 601944 330384 723018 345397 790069 214368 201263 616566 899773 344587 330451 1261983 707612 916739
276253 312724 980408 866099 691599 940612 129940 638875 264381 335515 787603 473351 235532 797441 1133514 447624 699777 465176 497941 484013 82477 253055 1242872 275504 382422 650006 97985 337508 203119 1262841 336539 300447
1111401 203272 192692 842758 1149997 940235 447247 1065591 522889 840053 627329 484095 23799 264746 72 442956 25699 203607 940945 307811 460609 265724 956943 268404 335462 815684 1129997 353813 1126816 1262151 459363 1091248
941015 286084 773925 713258 1088312 846040 442718 602221 329721 702884 739504 473001 562194 1034689 662483 346026 968449 209170 461159 275288 436340 221013 797931 225228 496841 535548 1087231 446952 458720 679852 280143 288315
326394 334733 349521 782056 787817 493 325989 941265 327343 299523 746260 261044 290244 943400 1135795 290446 848980 337290 496878 286084 589769 202355 662116 308589 199066 865985 998035 456135 284243 1261934 331335 546889
940736 285279 518290 601541 1150050 117556 11337 842789 265379 261472 499988 476993 734482 1079697 719997 205720 182921 220973 522303 329066 1183559 210124 789572 275217 361673 1126758 97074 354158 118734 1262730 248420 223815
177983 203081 843967 782412 669702 913821 128727 1066628 203673 839640 1080444 318657 1160894 306353 1217 301939 185099 266548 866730 1261913 553778 261037 322135 309128 199503 1262433 1018666 439520 460380 647999 331402 338470
842693 290433 331251 781712 649472 940511 128795 1066769 560145 522787 363786 307698 251232 109124 1014520 290386 1182318 229319 332307 336450 555873 239899 1001470 304298 479928 700700 95625 336990 330460 1262625 330227 3444
919452 134592 228504 842933 912934 559870 226320 1066460 839340 656340 502225 484264 253049 895353 296296 689484 698583 245051 285741 841704 775225 961430 672239 306055 196840 835409 1127132 238248 961529 1111924 585018 351442
739010 317189 343226 839380 531612 522303 440164 560277 657304 1119569 1046416 486110 1131792 749039 137524 308498 182185 22133 866515 277229 1210173 238595 979128 274729 261519 815542 1117180 291185 128342 1262345 331074 300367
560735 363635 225312 712957 689251 1111289 330414 940256 941292 1126753 442495 209565 1031228 847522 894981 262517 168660 329027 941430 342372 948616 212025 840807 306993 200570 684004 419238 323908 672546 1261714 198308 223759
804725 331116 964224 1107596 1151384 523141 307220 522371 941392 969849 335928 472144 565813 350326 101 357237 184652 307732 354139 264561 869933 656501 984908 228011 331854 1142067 889475 363183 789160 1261804 584849 287853
940335 317577 889427 866643 665416 940743 286199 940821 804735 849168 594672 196875 103735 518893 580925 327915 394878 210306 363890 328797 1133451 789221 1138969 307611 362588 1143755 688403 286024 552473 647886 491690 638694
1127142 324229 220574 522440 1087560 657111 885824 1161937 941290 840192 743652 920161 1237623 631404 775044 440451 400415 287840 895158 283440 1031585 383194 1257666 227931 332070 1244703 857147 237624 348473 1261950 261240 678479
940626 648698 840340 774287 517444 921750 326031 522630 347525 252146 476827 320654 991169 640843 136389 302018 228929 331747 730745 209103 505762 301706 743052 272656 203791 815627 744953 317623 107394 1262761 198750 349178
805799 312302 1127606 523350 1118279 940942 885010 970160 940726 1148542 1116495 358576 282101 1096342 947313 309384 230804 337120 840093 328720 317419 290417 672388 214752 331692 627827 687575 349818 112002 1262932 238029 953538
841787 551893 214730 730792 917697 730866 276839 1066725 841994 849198 152812 331975 565555 998679 506222 444787 405724 300452 426740 206413 268079 330219 697930 214966 198920 691871 663314 206050 459733 385300 202963 377771
522304 283495 290022 842048 647009 782325 455799 940715 560434 941063 736651 196225 1082546 634684 247955 267708 112665 242698 334762 283953 351737 365707 1072802 209669 260718 676441 1117487 286674 459368 1262717 584605 290524
1107598 344125 601143 731314 1084340 919074 306934 713049 280143 299300 948122 203813 250838 943667 960002 327204 16147 199716 497984 271152 1231366 264684 828212 284609 201277 1142855 722876 286204 276871 218196 295147 285784
204213 319282 808988 782647 857256 797123 321014 941015 866136 713295 195292 332109 1030357 540606 527888 439727 1083498 459733 730834 321045 1228750 259346 1078133 329583 334735 579818 547153 323901 444483 1262518 497478 916982
842812 300498 1076753 839540 937459 158278 180136 1099467 216687 941429 454191 486212 561209 1072607 9645 290558 127290 319711 497923 329864 1266109 956544 1139888 211368 199042 853784 1126670 330449 26564 1262328 195797 289925
842666 256644 921404 866609 1030376 560285 270239 941191 522344 682168 666372 472892 342339 495977 936400 249421 182684 283829 523191 496994 1197248 327317 660612 215046 488054 691527 1258106 229461 1005819 1261750 248235 917009
522574 318337 1257148 745069 604867 523194 884947 1132394 450293 735824 1075972 492353 307394 453398 1257733 297366 844850 201392 839380 345828 1024951 219429 686023 225132 199213 814861 861815 291016 105582 547504 318325 249446
941245 337534 731276 782441 836658 919946 118624 919592 866730 970270 787040 335909 455711 328610 1115103 309213 19022 912765 497694 344407 795397 253120 1161072 316125 361722 691596 1015091 330064 583897 1261843 198298 917441
782633 327739 984263 730759 547097 522372 286833 1047714 280695 738525 130080 203349 944667 968451 1203045 301938 551184 328826 331328 297388 168565 329066 1256963 308427 197607 997850 989167 223759 1127596 535164 247900 345525
739507 291096 773680 1107058 602720 1131744 229385 585530 970205 264862 827621 202963 196476 567607 1069058 435397 27163 336092 496779 328592 212560 254111 964227 201836 362495 421356 547224 349532 153282 1262686 997727 356677
713258 337054 564148 665048 1030292 998873 223047 961858 522696 507550 1146304 202837 20672 326125 502667 216189 1031848 272094 839632 305482 1237380 515962 551449 214200 199587 616144 525504 338658 157784 1262813 331975 916812
940759 287241 828945 782607 1237623 602375 180612 969825 264439 682749 900903 201980 912860 785555 695765 290863 183664 203304 496990 317809 1209822 455746 154651 304295 332307 579760 1171472 336242 460124 1261676 296709 523969
998921 286694 1132092 1111119 561545 782607 434629 531781 919928 764800 1130090 279748 1149837 251127 1035381 324163 687685 215032 331854 329626 121901 209450 964316 316960 197122 525596 989485 314968 253795 874095 259153 936396
739288 256492 1015670 962692 1082158 997179 226055 852452 842761 488077 955414 473844 185556 885861 1122804 444995 184449 379591 656213 345541 305411 297075 507560 307580 197276 633470 1006310 344775 253474 1262958 332339 324114
738941 259232 352629 782204 532476 601982 216809 620544 328979 975474 1097534 202904 911855 782092 1114917 329576 691981 17794 331572 1262254 380704 19014 1033011 284531 361890 1126312 157803 345702 283963 1262909 496994 221779
730740 444164 512083 941070 562272 657322 435261 941471 284324 285080 958826 478963 786898 449870 925939 290054 182882 199936 457561 265213 673819 207359 964038 228739 200076 691801 1000020 338366 993639 1262646 239303 917508
731014 323858 1257075 522660 944535 571936 443668 324638 602120 940784 770611 261064 1141484 828740 1072731 311186 183884 500135 458389 320913 284672 279680 963627 268856 362114 1262812 409859 287232 658978 1262782 295576 916674
919502 345454 185795 1110778 752029 866354 735093 1066524 280440 312544 1081356 474898 234063 451317 780739 226011 22930 245087 199066 332243 445790 334198 859961 264507 202866 699981 533282 223195 479950 1262019 700210 917174
919653 279592 672446 522241 1152483 747305 300127 1084320 1043318 339432 15268 240507 562215 447362 155027 304562 393880 335058 664790 330088 1094509 277174 1018872 268220 199833 1171472 571035 223301 791875 1261740 707781 320534
920147 289994 288503 522684 564904 1106570 345464 1029254 866395 839135 221806 483969 690839 217440 527495 300070 309409 359404 523031 329190 1164104 259291 287668 231435 491690 1261776 672439 261967 963971 1261823 331299 961767
522901 313275 634050 455034 1030722 738778 935257 917009 225314 781533 1117621 490535 946717 875557 954854 226146 721052 229486 841787 330969 1125176 333948 277921 274701 199512 1262821 1117097 231099 1109352 1261945 332381 314056
657244 262136 1127151 842414 1031301 839839 24133 560730 941096 282180 440167 211924 1031171 776021 1041390 310459 388055 343318 354505 1262277 1038715 330654 587723 283713 197403 690672 98304 338415 551179 845696 332274 222911
108401 226365 920361 781660 969204 560216 630767 560975 601913 1062146 1118888 485019 251002 376732 918197 449619 18453 231363 997906 209357 322950 300931 337498 268389 261110 678432 1018425 346005 818905 1262215 203120 354247
940182 334333 920495 1107598 1150121 523155 318060 567820 919635 501775 1009143 196917 918336 312754 948699 445082 184883 326857 497745 264483 975504 293181 158462 283636 261018 815528 999526 355171 788623 1262187 497131 345816
866624 285748 840546 522559 1152998 947577 434768 691698 940849 1003002 555729 484680 1153803 905314 1160058 304000 1061649 382402 522558 294624 729160 359838 232729 217388 199506 691807 806729 344770 358089 1261986 320654 916918
178158 290890 24467 781857 912657 528030 450421 731268 256492 248671 844094 203758 1161943 545343 837132 304928 181688 202459 196031 336165 942444 483992 939675 209476 203851 690728 1116941 290433 1104368 1262823 280236 290783
1029281 445210 725091 739092 1116788 153525 1224055 523059 602228 202613 953048 486109 232479 885392 820322 884863 757681 237456 331262 342350 1231168 278213 1113477 214959 202977 967573 1261729 219095 256330 552473 810774 222844
941392 319126 774392 712475 1083722 839905 345845 839119 730804 782644 939708 297412 565907 325997 1015584 338589 177470 264734 522547 317458 327872 200678 291453 277048 362575 1025191 91529 271697 287490 733821 331222 323635
523178 357234 314750 919018 945141 587143 441633 940445 890228 312865 1110068 306290 451099 335826 778440 349248 184637 329689 940951 329951 209920 252672 1223653 262319 362696 1142298 399619 287091 480694 1240584 320522 917458
206163 334543 1251856 781985 562280 560075 227353 691078 656300 873749 1168986 478875 827387 1051126 644873 278245 19303 205295 839342 330046 270333 264995 739284 228007 199638 1041758 1048237 356244 331461 956313 259306 300948
1106444 285854 738307 522628 1082618 738681 454986 842828 712578 1119502 313998 296678 945264 454117 788544 203300 129124 285817 842789 340222 418974 311614 1251281 231366 260971 535512 828660 286133 329283 1261798 261357 329518
1111464 254991 1078313 940522 1030824 940782 444691 560484 601254 522231 1076210 196633 561764 326946 778639 328674 110969 303649 867175 264989 974070 238047 206499 275249 27569 770580 861029 364272 625510 1261930 490318 917629
839887 203252 1105769 919171 990610 523034 346325 601639 265914 997899 1015288 480280 20759 213913 1078701 326168 183162 233872 560238 330345 182201 1234438 1079322 315304 199085 690871 899924 616249 270622 1262580 383417 917117
940766 990680 30768 804891 1150286 1047199 1189454 560793 339030 1120200 1177562 196766 330475 311163 215444 885541 518376 224044 331906 203363 540047 292643 783805 214736 198947 1262918 1117113 353099 897610 570643 332511 1066512
839942 303993 1140592 738637 648885 707515 452745 940563 615796 335630 173245 202936 1252669 770952 900652 494922 182013 280247 202795 318747 1026285 256309 963295 308345 198201 616145 955948 353640 331537 1261847 197663 287330
731417 328712 454940 781623 1142521 919829 286146 522672 346026 1119945 388791 201562 1162361 477509 756057 301123 18841 229361 355272 338464 923577 204658 964168 284665 1071054 159043 999870 344053 286974 992083 202492 916640
460198 846596 1113949 616248 1030384 839349 24474 842362 522338 493509 1078871 248235 288352 225855 502285 337978 1101202 315284 523388 259293 278513 21025 274058 211624 200429 691817 1117225 344976 498454 682521 198690 317814
290982 345396 315391 1106520 990682 940650 448930 638848 842581 738730 1018846 472167 565013 347267 466 290244 15785 584035 198668 274715 686803 333474 1104820 225462 203183 815446 546870 355790 1076841 1143570 198869 302743
940524 345924 574530 656632 670173 601236 444359 916723 330352 610405 731325 202355 195405 225459 726842 259892 174811 413195 840291 344893 631852 283804 1257546 275880 260480 547536 399433 344718 337725 1261674 280995 1087560
533695 326618 225118 1047672 1069773 1197279 495664 523076 203160 1120205 979300 247218 20734 249387 894505 435564 516599 207206 460727 294999 603082 197733 785341 275330 200793 1187008 989421 330675 337070 887610 253197 787569
805310 327733 1171707 842720 1153135 782424 112316 559984 378854 842090 1037798 204049 1229855 663928 579854 311465 18759 254712 839099 330262 721438 329352 779568 206050 483963 1126286 1262776 345284 227404 1261963 1167185 1075938
919171 284568 690929 1096880 1066431 940945 312248 300680 615833 919123 787008 357041 19920 765623 260860 348726 574159 260803 355233 336900 635894 778737 720967 270939 199930 1025956 928555 286737 306020 585554 585391 348615
839834 278703 657357 782633 838973 1142919 203773 841994 805393 353645 670653 1031724 565996 223011 392653 285815 1176343 305149 312908 297014 1186132 248484 1190042 316538 198085 1152449 579838 290763 331047 1261886 248359 249953
1107058 202801 1256475 839611 1257592 713640 338212 945041 940338 941450 1080344 485978 1030626 885346 853 439882 185216 245210 522867 338280 302399 255296 672446 297089 362253 835449 955815 320078 431618 840681 198752 287919
523373 284164 772674 940794 657760 998303 481876 866996 266501 523604 795506 479373 991358 697834 680526 252901 119982 23023 941326 209139 527090 229079 964381 329755 260767 735489 811315 229478 914229 579818 461056 917631
348878 448416 819672 522418 954579 561035 354030 567707 523083 201209 975528 203105 215824 448730 696466 297320 896774 286399 203398 336211 701197 285183 1078934 307216 361636 1009045 1069811 286950 1127177 1261707 492081 329978
805258 277459 558539 919653 1048185 731691 184759 1066641 273564 264408 748223 203783 608671 285103 771093 308878 181875 262967 867091 340626 1015460 982389 709385 265915 197300 699677 1262589 330414 105965 1261846 198563 290725
226996 289665 1032353 782502 657791 805471 11279 839141 842021 839816 817274 475366 947028 840162 1258427 349169 110238 315823 940754 203618 267804 23141 840845 271122 197984 957883 611594 283636 24215 1261891 320529 238395
738537 455887 534839 712764 1152103 657316 128391 842145 941240 839673 588319 216876 219509 1029471 743010 323557 645258 448162 195744 670832 1132291 330058 215767 214267 497719 1126207 571195 209747 900594 1073237 330860 290216
781976 315974 447956 738924 646761 522603 440412 560599 256423 276332 1121670 476947 448955 274179 1160744 231133 392362 298985 713568 339775 1021411 340000 963832 216235 203068 646673 767306 456422 506646 1261712 497941 843322
523429 25259 446971 840347 263006 804760 435406 917597 523007 281631 1054536 490645 858240 656683 994072 440472 417921 260296 866719 328924 692342 249993 943776 274790 484142 570848 1115479 295576 264791 828398 317499 755568
805430 331757 736609 781786 872533 842686 885881 529968 962347 280938 700597 920063 1131767 295314 528449 230925 644766 313646 712818 226189 500415 230740 963982 269114 261191 275547 827771 317268 352023 1262311 332039 337738
842240 291008 210094 657359 886392 656992 289117 523409 601152 473092 551185 485387 18495 891921 510545 260232 182505 225514 999166 209061 489551 226567 529502 269841 361881 734491 939634 290526 210854 388796 340275 604437
253035 334329 840004 919186 728490 1047369 272057 840161 920314 940183 1196272 202435 20339 1024346 340308 496178 1267505 264559 497411 336548 1138667 293589 293318 265768 261027 741829 967775 223801 23111 1262825 342350 916880
135707 357087 454871 1107120 566570 523152 290446 559922 518430 200993 349337 475019 561160 287998 1054266 305527 183574 316504 497278 296325 1234227 319534 341100 214380 361607 815044 97618 344897 330024 1262628 266648 223276
451555 538659 1257085 842598 957883 919342 448365 940608 601520 570819 815193 472766 990964 664697 973093 271833 327470 246041 428096 356566 250339 1065235 326004 269417 198668 639617 622885 196509 237844 1261817 283823 916488
866855 295168 298720 1109078 287736 866981 327211 602383 522245 941421 1069928 312621 1150103 890141 897383 262478 808983 300457 866856 319648 1181080 261780 981972 307932 364362 1061761 1262867 323947 331807 563559 340236 852452
665048 289856 720171 731216 807061 919459 346951 841987 284319 51945 1076014 199137 107404 935996 502816 215476 460635 208062 1106518 283531 333379 243734 1127627 264559 460084 1091426 579342 363280 118537 1261710 488297 648433
522738 1072801 496098 1107469 1025396 560186 230218 805595 258711 1072362 336433 180551 787314 444433 263186 314722 183687 295877 840103 262727 620466 242367 1140431 275064 1146835 997759 828068 323670 296063 1262354 240180 343373
941078 443668 451330 941265 1031398 842597 442541 560850 842847 767931 1100815 203003 259955 239520 783196 205425 47133 197782 497843 336375 1086002 18956 196022 274813 198626 1262878 1012493 355071 459154 278319 334139 347346
919105 556827 290410 804657 646768 940916 290471 941117 940792 787500 715212 474251 912331 218603 900364 301821 184200 307449 296717 246162 487395 158159 670853 312865 201061 1261780 97799 349688 736096 1262458 198360 286254
866812 332681 347553 1107453 697835 904630 435377 782311 962207 522664 849258 197276 1150196 766744 825517 435261 467497 319460 497157 275064 1228095 208428 730237 283733 488818 1261823 1117145 273529 788267 1262755 329082 285027
969954 447769 247824 1014301 1119430 723092 435477 919602 299563 1072821 52901 201889 1238158 927473 869699 272672 1111 226915 840224 318311 480585 299904 798331 265617 505796 536280 968153 446225 459432 1262908 585405 354158
290700 301252 1170144 665032 1150505 747293 177591 919481 265213 233739 850397 282303 1031023 749772 571871 265073 125727 231205 203349 264925 206468 328568 819621 265460 196897 797070 1116861 350014 318010 1262082 195669 338160
866592 286329 594265 782597 1280304 805711 307981 940541 941260 702709 625112 476724 822417 326881 1098716 286295 1006583 328191 731424 283634 385760 19764 542142 228342 198431 1262766 30247 344828 853744 1262893 198091 135323
1107405 338470 434902 1109445 1046289 556740 319194 639782 284481 1022224 492689 203682 944657 213981 1113132 225230 110219 723957 497384 330222 13666 304060 1031566 231724 331957 747074 967881 344889 224496 1262569 330433 1008361
782204 333804 1015225 522845 697811 919810 181878 691523 342516 730911 1152363 475291 736348 348253 1160624 309716 551750 224094 522590 331315 165677 212729 551836 307618 364763 255058 523849 300692 1121510 1261735 623331 344919
940312 18919 95442 866825 646891 523021 496074 944528 195797 201717 1139997 475678 219934 254088 1031974 451188 389460 353853 839519 331859 920465 601265 552978 284631 362788 1262151 664024 301137 631798 1262473 330451 1177751
866771 1036513 274943 739218 1083969 999040 312758 839831 347139 1119892 1076669 475962 912078 979740 1035866 209898 182835 253502 460871 337702 88180 456779 557666 305473 475004 540349 549297 355453 265808 1066399 490663 917317
256207 349864 1226911 940409 1205319 554241 447705 858152 940650 997117 602666 490700 1237362 319568 444097 219450 183678 355744 1107072 304688 1096682 413629 860996 284528 200079 775212 966291 349081 296837 1262712 477009 916432
842095 648292 303082 840069 1030607 560166 286532 639189 730579 215696 82229 239976 231006 683726 280936 275105 184313 214206 460084 339432 993220 595173 1005561 225476 200182 650033 1146766 319550 263186 532529 197846 345364
522361 707480 563922 1106450 561233 739011 325449 602375 201853 905352 939701 202410 990158 905213 1068502 262922 184386 277653 720273 225515 1221238 328056 529493 284418 201033 1262676 442625 550475 357541 1261895 331362 290523
782262 288482 43515 55263 1100676 559989 334764 1084161 210272 842161 1257492 472910 566131 435059 499303 327072 184046 239734 197081 328908 526377 325141 671278 228100 198553 690809 1249342 286390 1031872 1262888 492471 318381
941189 446500 286064 1107385 568194 730792 195700 522611 998229 804985 1185167 485941 448397 275516 552665 269230 181489 550771 459845 259153 541523 260415 584126 304807 359721 849164 815255 323677 104866 788471 239209 568193
866434 447555 266487 782096 706965 1114258 449412 941026 842486 721212 771823 201652 1154125 697673 333038 335953 182064 372686 602372 293910 609417 196470 245403 304272 362520 956998 97821 345828 250277 1063160 261143 916749
560504 312754 1221566 842924 897849 940371 225758 601693 296951 255824 627715 476675 19414 443908 1257972 205766 383928 287798 332247 287089 1060654 263714 255372 275043 200169 715616 815297 223699 27132 672439 266796 300895
270646 492202 963636 805196 706910 560041 347967 568729 209669 1071774 381176 471091 1048743 326877 556396 295170 22398 200408 497318 330075 906426 202975 964338 225036 202851 540276 798122 223980 1079222 958413 197109 338279
940377 317822 218023 866771 917174 940418 326765 866730 347160 616195 1012696 199750 1065866 9127 1160289 268292 519097 333971 940312 283593 528032 327321 593656 264783 974374 690859 1262078 363635 105211 1089553 197810 843657
1107453 775259 1119794 1111291 946890 657207 312395 805661 522505 522552 129844 336519 794562 186360 1078301 273033 525666 286527 459137 336850 473827 273998 1032581 299721 361830 1147806 97867 345493 318244 10268 337231 953008
940762 344373 523572 842845 1111045 840178 439141 583912 435007 1119288 624571 197339 1161789 843524 571641 220625 497427 323221 277459 264285 433969 223510 1280992 209747 1092342 566567 1116478 359694 281042 856007 339246 222987
731194 581505 1257360 782196 669968 940500 180589 616299 560125 48799 939797 305822 691713 749876 671814 442098 181758 381000 713607 330914 229032 613603 945122 216165 199053 1262759 1142298 300876 873671 1262366 459163 288594
560461 324615 224164 1111464 1095830 919108 167841 940784 349651 866556 1240160 297689 116493 452128 514059 302612 184024 198626 332302 357195 606439 252951 671826 270554 203398 691173 1262936 344456 296054 1262595 345757 336990
1107174 866980 752666 919481 648566 941154 10381 601157 1110270 264925 630491 490896 658622 1107106 742669 451054 182769 312865 798305 201520 874553 295592 437168 328797 200965 787002 871759 301469 461192 1262873 331794 2673
283418 344761 1257069 713558 912824 560434 279826 940952 354127 559984 342872 278167 653158 571229 499774 301789 26041 351433 998179 338470 249698 1031560 560404 305050 362229 926800 571031 349704 1257297 897100 319295 917067
731538 326196 551378 781704 561637 804935 12604 601821 523069 618000 1087294 277264 19578 576943 980891 437874 185201 208500 976464 378622 440436 236435 964282 300225 199522 775177 550612 286522 330837 591638 490562 288269
781670 348643 1159557 656769 957502 523428 443725 839519 969606 284435 736577 331279 908116 327033 709042 205331 123871 246938 203606 329356 757133 250741 1018789 274988 362563 1142921 688806 349294 181691 1262182 259714 249255
