963832 97374 178477 804316 1066512 221150 182762 1058432 271004 331873 665934 996723 264489 556740 618714 757284 227989 1125101 264785 225990 639036 1090752 221914 262412
719692 385589 22806 975414 302808 225990 16365 1100815 274170 459787 698793 1058962 329082 1069221 573578 720841 272383 661495 283953 264483 1094759 1177153 18071 312145
313809 405605 224950 1171592 691258 492308 220424 1059031 299319 459474 519806 682165 329331 1036313 1030322 963864 1006269 777609 1126329 336265 811106 801055 212168 280933
1139575 1117553 439141 1172208 699438 231099 180132 758402 262769 350167 670783 1038089 332254 893808 777409 925868 32361 801413 218945 266648 838225 287203 195886 262325
273083 1076049 273711 856637 579818 216844 180931 560859 274986 345693 518725 834982 331461 335330 975625 788597 262325 653915 248516 301414 1038715 848704 737402 31786
328610 551201 304131 862320 363196 1257105 181070 909628 424641 357132 125207 815108 246608 659635 1124107 823866 197862 1148552 224362 382674 1125176 583378 1087680 306919
333971 957037 284571 1165947 814968 299548 182248 615710 27476 217318 107608 903201 197925 208 938481 701912 215032 304728 289492 265865 795397 690758 412560 261867
227816 690894 13367 575652 349789 231265 181756 1230340 261867 456834 566043 1058432 198692 98 757805 1130888 391798 1185505 348999 279009 666108 1099238 1240713 299989
336265 1169089 12019 909249 337048 248245 22795 682133 262224 497114 170391 757991 332246 1189424 841880 1102428 205273 427527 305731 337203 335487 1132800 282486 32424
317629 397363 185538 1172090 1186093 222857 177475 1087107 217097 461067 519822 536117 336879 268186 705614 571677 290243 28209 200594 329329 996646 630462 223435 268657
286210 97314 181940 545831 1257105 135266 180580 427433 217271 227164 177112 1036963 203618 377430 996752 522472 280691 1128863 330177 330159 1186533 1230666 929247 259952
312737 383758 284023 639601 320546 266000 329836 681073 263886 198553 484360 787865 329942 820512 626598 651154 262787 510944 259110 265195 589586 677379 699509 278394
326929 1256602 292547 511920 319831 221527 30931 727147 226949 490124 658246 680689 284036 502302 757469 1253327 264651 498483 258315 265213 590649 211805 2251 317642
471655 180429 220330 545622 562227 220653 181507 584417 227798 267884 164607 647151 336375 1198814 617425 305244 215620 1143444 237847 330227 514647 952778 249755 281955
342944 867456 183651 1099255 690728 284023 229623 1225387 262439 460506 392249 853276 203673 321200 682767 910632 197807 1128911 218437 280142 1025489 690785 433702 261918
227224 987366 925531 818378 1164697 135295 22246 945708 266397 198201 165025 842203 355434 269194 951335 902456 282156 221049 296738 277229 652942 1109721 286806 329626
473366 451412 215933 918371 1066411 455443 22462 1058822 261918 330331 608119 815200 237335 662339 624273 849334 201132 1132893 320805 330280 647675 761406 180377 272582
295532 414646 295153 763536 916812 315432 322300 525492 306954 259502 869059 1130261 286964 501899 861586 653761 332043 1207340 323789 283953 762579 341053 200457 267271
328933 147700 176377 862966 349532 312907 182378 680689 278158 346848 185285 1190251 240629 157784 997410 565306 485036 585908 248168 336450 1181460 777074 303744 284434
314409 389852 181498 820052 178242 250335 177912 878411 206407 262458 188485 1058908 332000 153282 733190 1054409 262876 475227 265213 330643 1009240 952369 603559 272816
355990 396793 228821 1012168 1077146 221408 183669 682165 216487 330467 35177 1058076 264348 1243 1062868 710999 267477 476400 277459 329026 882319 1123226 412937 230692
334313 670661 345839 1143419 1117232 220427 22927 1229573 229621 460036 551449 1058956 203692 805 524916 853099 263104 575963 292934 332511 1061054 1157966 413086 31362
492202 1169500 451014 789898 857396 324857 579818 1140185 262233 330384 552955 682802 195797 841302 962117 896586 275011 708344 330487 259597 712421 953703 877424 262208
491803 22899 113920 977259 330643 221045 183404 879445 261826 327539 185460 1058594 196609 1185 1047121 785349 112517 826777 256330 265251 938368 844089 229377 274571
240936 1257348 180839 561511 990206 329721 184905 1100480 196766 379767 1166186 1038235 345385 339300 966931 712526 262396 936852 201779 356881 1108876 1105690 186261 312199
1092332 388819 128754 771574 319897 226067 180902 525211 273789 457514 461773 814820 196791 992876 624074 1114694 198893 1126509 279744 264561 1081094 974850 327371 278209
506532 22296 329401 927477 1066436 276815 23985 317651 269587 460124 174898 1149149 328939 557116 1080768 757343 308473 664336 337223 317633 585503 1123648 80831 322188
329231 1147138 11679 1083599 336781 345023 180420 729173 265780 345431 778588 547718 358678 792194 656779 377386 228145 686593 257483 290066 956138 1168559 497219 262600
334068 21425 178127 1190482 1065760 290066 182161 1058101 209463 348387 1162395 626963 240228 502138 625973 916583 275247 1008050 258347 264490 473825 620800 147348 1092060
445735 1053927 268685 1097527 561131 317623 182100 815799 262605 462517 166693 963421 331686 1189555 975971 744271 31518 322044 330904 345828 1124847 260062 187613 262769
462179 408690 217769 731765 1066150 227770 181724 708224 432663 460194 520838 1058230 202480 326 975121 744009 257871 1058070 251755 331763 9711 1177896 261792 202048
436966 699895 885268 546536 1065753 229888 23033 815044 213384 345179 55292 880362 203240 507663 955351 1140520 557094 321736 497363 317499 1045380 774203 737260 299103
202890 96307 181576 783998 1262878 277335 186453 547306 222858 218789 112026 1148876 320654 228320 647202 852042 279447 951837 258658 214520 678566 564762 1045671 305823
312239 410631 217323 1022220 561817 265865 329213 1100725 210079 198690 55103 584898 320420 783423 1062835 774538 317449 951154 329168 266796 818475 1127445 230224 326473
326418 409744 178338 779329 1066800 306319 178002 682387 280992 317515 180395 701589 266300 1138861 974821 1189402 32104 1045540 284636 284267 1017319 937248 444922 112679
445975 383730 348783 577377 1068651 320069 181695 996723 237802 459799 515328 682206 277459 665343 879135 1055270 681342 404002 651144 279896 160906 1216651 18065 331299
327244 97424 12404 862285 1080713 434511 494027 1058393 261746 496841 520047 682854 273257 157461 626860 1083384 262423 118751 245621 344783 900251 1119803 177255 308252
232661 97232 216844 776387 519285 331299 253376 1058048 262610 332246 92889 626803 224039 1075797 997740 602382 286816 896071 213981 344587 197746 511059 990811 307662
295166 606578 125714 1022006 690975 337048 176966 815108 227884 334945 770454 746185 245915 514297 575044 1136713 228913 1058492 214100 213807 361816 940193 413550 304914
97232 131266 182541 644529 285270 195929 118334 547647 128442 332297 72362 525043 331599 956478 787507 1118256 275585 240163 463802 221155 831592 773989 698862 31570
326596 771615 318809 918452 1151737 329583 222857 1039641 216156 329129 769800 1058101 332045 502240 626597 753418 1111943 1143509 293797 332339 691590 1011536 737839 227578
455887 414127 413315 528943 562130 225542 405646 525872 280568 460133 123439 523340 203119 801622 1086168 589701 125012 200069 203721 345541 624060 650783 223986 281291
455282 547237 25259 569135 290897 271944 290359 975330 262400 203612 1212871 682214 237009 1017780 562539 883935 226447 1005803 336158 329626 1262821 731232 360527 262545
956358 664337 178405 733555 1066278 556740 181082 266238 295217 459585 543238 1058223 265709 545021 1058930 217735 230764 955134 247912 320546 746108 1103874 459733 273465
232209 1136367 128478 30841 317993 341867 22614 579919 224982 331772 737504 746388 284368 1203045 1001074 907523 290146 537742 307850 265969 783683 1124163 708141 267216
262362 568492 215990 365125 318477 1032615 227509 616546 253228 330744 1117079 648285 356287 909663 940232 780742 277391 16652 224589 275828 623508 691069 49526 113289
227417 387695 270997 795055 255158 330643 232384 542476 209259 459149 414387 573999 237490 293180 1080865 719765 472682 279850 293159 275288 783981 1179100 551042 312772
730182 22405 189195 513205 1262382 271234 181878 1058223 231110 318024 520747 1112114 497290 1032425 1039109 1257203 626153 574496 255958 305822 1232502 749095 98892 289790
170813 1260021 125777 681268 288488 345855 220427 1042057 227989 245610 1005019 627017 331807 579773 975254 1018340 700176 198709 236572 305482 339103 671467 442263 200820
242256 1083497 22834 575595 337203 270095 238062 625858 207813 320971 939729 564917 247664 709285 647767 539802 23027 815432 279738 310945 340054 974224 212563 1039326
320112 861707 229888 869666 1164439 228853 189787 196922 434112 238321 1174727 864210 203682 662356 951375 208851 682670 1108575 279621 265847 893313 290081 984721 215881
329085 655072 339520 545615 1261913 229631 689328 626803 1006269 318929 175496 1100815 201851 341818 627023 570483 32424 120113 265511 195929 667768 566835 36690 299079
329601 773844 268947 998053 690807 262167 437064 682693 214515 457418 555027 1112113 284192 1100064 985820 735970 267262 362698 224254 221527 1006406 583069 164510 198689
312754 629155 185140 847916 319832 260638 383177 280485 279469 459583 889075 1071697 203432 792113 811085 1030562 315431 978169 264727 317553 965738 745032 166707 476604
456234 16765 24751 850990 318885 216464 297636 814851 264348 460009 166399 547246 236961 727303 1025756 1164674 805211 816667 262182 222354 471595 1124007 300046 273662
329340 827771 177667 848035 1065973 287210 19014 758225 431319 336375 111808 1151307 328675 661405 1031032 894400 261969 124614 304975 317869 35787 720036 352976 262463
357487 97301 190058 525630 616140 311340 218680 198298 281778 344870 107045 519633 340626 869977 938873 1053566 334795 745691 247249 265104 962416 1101654 433651 472637
313784 97063 217662 740474 542411 298846 186308 1141963 312209 265918 128257 831445 496926 625118 938399 888721 301793 268295 270109 382445 217171 297886 205646 24024
223198 25804 180472 199141 1051811 455887 180327 535778 277863 221013 128376 842065 297118 527745 618637 808590 228507 745240 317885 343476 732795 1011216 277920 31696
226818 388240 180348 545606 317770 217171 26111 613800 273976 280735 18956 649459 264791 1223914 815568 521284 229862 994839 222370 198737 475430 740620 89176 307706
434511 393073 185243 546621 917116 227254 178417 524915 233191 354475 176799 1059031 331692 500196 626560 744659 1223980 652819 255884 336683 783644 269748 1048905 312073
442872 110363 25139 923280 936860 269233 306837 525771 262876 198668 520822 1086816 197460 137950 721137 1131150 470126 304189 344753 331074 228761 251080 445948 229460
264760 27672 305128 707414 568193 262652 21578 878736 281136 29843 180263 808808 239608 1035649 919323 308831 207322 745267 196720 330727 213022 1132893 344187 31216
289835 388825 177016 757941 669968 301727 180232 647841 296469 306933 24474 1100889 259222 419580 975236 307445 209259 579131 281042 497419 529431 1214184 160 208660
345467 97084 225203 1163005 1083969 225735 167171 198728 327267 262820 182242 1111937 318277 201646 810552 1084603 31999 1200585 295515 264925 597781 714137 18919 242367
1256552 1018695 237177 558047 1066462 211924 182932 997449 269206 228444 519984 880798 198774 743133 625736 448391 225190 208982 236599 329133 955104 1125089 113159 31462
1113837 567885 18416 564140 562334 265847 181880 1124785 265742 334798 181494 1039021 247517 152921 911873 785722 344145 865317 327423 297141 587718 713955 19129 275521
476364 534307 112304 1006833 1066081 232330 180900 1038892 326807 331755 111924 1058803 202775 1167548 916361 211181 481637 105730 538500 211924 439874 1062810 19104 262960
246478 899670 181110 658584 700448 345839 220817 304978 271141 357703 106350 1197398 260230 77728 617951 230503 777397 1143973 296320 304593 831550 744315 320166 287254
312724 414060 263063 856608 648881 246086 265124 1139855 268618 496926 111802 1058335 293575 252957 648554 578812 227798 1010355 336221 304218 782905 524179 110838 215032
344759 628860 349109 1149454 612304 221027 165978 460992 272430 348161 185276 1143106 203963 425 938512 159004 271510 204795 236503 248187 1065242 1061938 252972 262777
104502 385525 180966 299739 347693 443415 127594 682247 208863 272383 104410 779580 265419 400964 937886 1140115 626323 882585 623442 238023 1236487 1159764 177244 112726
885170 1149851 226256 525774 917628 288488 209357 532483 228407 459841 1055265 1059125 246335 657374 965991 229623 878512 627409 225842 331155 301815 576030 362404 278730
238062 706779 186559 548352 740705 272337 205298 1141649 262232 332160 186161 626008 245087 788843 975011 9930 32189 928985 307480 283658 915969 505166 17499 262646
217684 115877 177779 1069174 1066192 219783 129083 1058230 209573 459248 971496 941234 357547 313487 733263 1189737 31786 1258930 297166 296709 1206289 896217 137956 274120
276785 395362 177687 564154 1087349 665343 183397 1047661 487308 262113 401593 525554 198465 221536 670164 774838 225855 924147 259834 284117 548683 850705 445482 473896
326071 1127355 345043 1176966 815712 209763 274510 821699 225531 329082 1046613 815591 202556 1190469 975696 1128458 334245 1253260 329475 209357 30434 168929 180364 327852
30642 654962 288190 1239157 320913 221215 128342 1058423 229368 264633 615771 728120 245210 316413 907919 500554 277487 1034618 199669 280385 956513 1178976 459255 31673
326572 655594 128207 720184 301727 329252 13108 525614 285080 335039 1055197 804411 317827 610173 966922 1256844 274241 1234381 296339 344855 895719 579106 187690 201501
226320 24836 182768 522569 1065693 209357 23150 681757 269813 332109 112041 787118 338072 501885 975002 600751 471252 893245 297395 308746 466357 601868 436992 272383
338312 383838 210503 772085 285043 446307 269828 878964 238795 328690 106287 1038880 201877 488912 1073885 1121978 719891 475009 198037 336900 870492 1123801 551151 262232
1257744 1136241 445440 917918 502923 319238 302536 880276 212157 497909 1085245 878764 198121 1006941 757901 1196794 211294 845326 344987 755962 716861 951795 203829 200269
271432 936065 168016 1100991 353305 225022 348726 707515 264602 331155 412680 1142921 497363 225987 525382 506576 32176 745908 348751 308607 584436 457484 1131296 282060
296741 97738 16771 847699 1066734 309244 229846 1086084 266284 433223 916904 159198 329666 333946 830240 918420 267216 296680 283744 274916 1176253 283198 473850 460461
435561 690895 352742 1046994 318005 328731 181510 682214 228594 261608 869631 940195 237663 502483 880596 1013162 852602 963260 605609 208004 1262419 1224444 313152 434112
452758 860767 286696 1084399 301016 257262 297254 651856 229862 331071 105338 811862 337231 855900 1002638 1079050 397652 60862 330324 285547 690728 691192 286967 279326
318060 25524 25908 545538 221054 287979 209758 815516 230236 297627 765433 626252 355117 528284 602247 329642 312199 1229746 265090 357128 1192097 1146959 112963 265251
520125 24283 328691 705092 690861 287222 442327 1038880 271510 262698 787795 815623 357128 160633 997816 796416 277706 1117527 330277 331130 209426 504847 177044 207298
325989 471172 180775 528383 489669 259952 231099 1100218 264684 460201 640264 529702 497745 726723 903200 849410 575154 623636 224616 328627 830359 1158187 1046084 280566
326305 568560 178397 210299 567651 274596 25632 547114 229361 330406 24581 651144 265395 511132 975237 529272 174754 236626 223163 209103 1074451 1107415 351727 262878
217064 389038 226120 1069207 579877 277282 185556 757749 262350 223759 1037839 626176 336519 1199124 1081311 270483 262400 687605 306658 1032647 1093750 1218925 262438 268533
333978 417628 382780 626036 357597 455384 182157 547599 265045 344458 124749 682439 330044 1005908 958236 970389 435963 1086879 260321 307501 729369 240451 201456 215378
295526 98023 353717 794457 639433 229148 23180 727661 278231 347947 190031 880348 331963 158810 996840 311465 282039 567892 317634 202452 699512 883584 423406 229588
298817 689168 347007 304495 342931 228879 183073 224254 269512 317951 170434 681192 240180 727843 1058525 929894 298149 1179157 336303 319141 735511 808480 386517 471091
259232 733510 26449 585643 664861 260019 23223 680764 213692 343522 722906 616703 246671 730070 751883 320732 1165587 18082 380207 318325 246483 1196731 252789 277894
305490 935964 127384 982745 336373 336900 376122 815671 309857 245051 188414 681073 330384 253678 938846 847186 877732 903385 309036 328660 611628 1244410 741948 209259
319230 655408 284237 1128428 96872 481603 449921 1142450 210114 320654 119752 834207 228159 247955 585651 28013 271887 657701 279911 307233 1202241 1117945 921686 333474
551534 835072 448393 1072517 939009 262912 201767 625907 307531 319813 176695 757651 229486 823422 975173 229566 1257637 578237 200595 336539 267785 1118942 766411 209946
326031 1169073 329630 679759 691710 377014 296994 611180 216670 213532 119894 536008 330287 1091814 919581 304026 278394 292675 206389 318747 725014 585878 431647 265585
358662 401292 221362 561558 127570 268657 337521 1048135 314830 237992 1117612 681008 259818 918197 962021 578759 308346 889804 260101 227993 1231396 1183514 308257 262176
444457 25905 262652 1065042 345894 229420 18419 1178343 274335 497017 535602 1058772 329384 1042013 1081049 842182 266248 1054518 277696 221054 1124368 1261978 146518 442207
269828 97890 299176 747324 567987 209758 295638 260001 475579 296185 23992 580198 345981 671651 887431 1116392 354172 23103 198278 336209 821188 259277 416719 332043
374015 743016 214146 1058182 345217 326000 218548 800474 296823 496710 616696 971902 280809 1073089 874309 219915 215179 1041575 319888 311340 1038274 1004993 657488 201132
66887 410526 209728 664240 990273 357211 23144 878989 281856 345574 1105997 880680 295168 1198857 652716 1116944 737445 1188627 708867 317827 1262071 739586 413498 262498
437664 27132 182570 1064213 1066644 222011 268345 975545 461799 341493 939656 555053 345816 502285 626408 625593 176678 1000782 209818 284200 805226 628591 37165 213510
439247 395966 127513 786394 307510 229530 506162 1142113 459911 338445 938992 770194 294624 941656 758013 847247 434036 1038933 259475 222857 899235 396646 325011 214727
326181 1116841 218757 1037796 956695 264539 189212 937963 261931 333375 103461 919915 259427 1110175 816898 1010645 265045 1122041 198381 264539 782895 1214021 299661 213692
321008 96378 288176 797697 345050 264297 182511 814977 262773 461265 106904 909699 297265 1265354 975770 542290 262610 483879 499103 265598 795732 406768 505808 280523
329934 93997 177669 577842 561538 23042 175126 1058888 228156 331762 414156 985423 331650 792595 733809 765405 1135840 437837 330700 203468 978055 1266674 185957 200285
45330 539659 315865 932130 857662 216635 178749 883631 382608 280046 1207369 525810 295412 893947 1058077 1159334 31462 499149 292787 275505 1150693 583267 483309 274360
325979 567511 185777 884217 690445 376360 1078130 1058966 334245 497521 518540 821699 240651 588053 625958 231645 176836 796173 317129 209061 617626 691542 968818 279447
343711 15157 376663 839585 917672 222588 217028 579939 226597 202423 170625 1058681 245733 370812 938113 502240 312865 761393 296051 227807 231207 891980 470767 32466
773884 1085924 186093 906896 1077686 249555 183240 623540 327589 329855 92857 986998 196031 563934 903628 672562 592367 650790 497815 238851 229817 827165 170720 31015
217392 97430 268843 863261 1229396 301252 22632 1058772 300277 259820 54652 566102 260012 818703 1148521 724747 174999 648438 337868 304696 593199 1062780 520771 274800
1069147 571685 22794 535814 1066513 302101 220345 264985 245051 356613 1222127 1143928 319054 1035549 624099 1119899 107161 1099358 257844 200401 734553 952473 1224349 399843
496548 408452 321392 1172440 259930 316277 26438 879184 267271 234901 663902 1058490 260962 942275 1059931 848078 112048 458131 319557 275228 673749 625916 921717 457690
339588 933572 221266 819075 1020295 240729 273711 198563 269362 260305 7509 787069 336553 737531 560611 324248 279449 968000 252442 279869 266832 1224379 170306 990670
328145 394742 506208 1136181 225740 307584 262851 247328 262820 198312 81738 525035 331335 590360 626535 222747 1092060 843256 296105 307750 294698 582431 26328 339818
448543 414238 458719 47931 1065652 294277 180806 1235035 31462 330227 1140118 996737 238925 1036234 938616 1053150 206207 740361 287077 254655 871218 801776 295547 478857
1078887 383839 178678 643690 1065850 280472 182601 997410 262878 331821 176207 758064 330679 253289 678140 839933 574568 1184333 197460 266699 209500 412856 253418 230026
227134 161282 383385 876136 621350 270779 306819 756286 215691 458071 1140386 1100725 202202 646 742599 1124127 719315 467857 262903 284324 328684 730215 46957 469471
435068 884991 300635 1025083 916580 265124 17619 707460 299109 330837 386089 1038931 245643 1073127 1178808 207299 262654 340702 305516 254658 886119 302956 492403 255284
293837 389216 1116903 1013211 218385 218128 186772 815032 216505 319418 91933 909237 331366 963945 538483 1054376 476604 485691 690784 329379 1197264 800990 182505 201524
237912 97610 349084 1027245 670661 208499 12221 467731 327948 197460 1055241 1038399 354566 1073065 997030 529094 216185 1094732 304724 277403 732974 769545 393205 1039779
262075 20855 213940 657067 700800 198189 365047 880314 326134 345331 1027076 839143 299050 506665 940350 282003 261763 980199 328705 336211 623494 570325 459911 849064
312907 1083885 274357 953182 1125839 345556 455887 1070113 266555 319648 605250 649432 334962 556479 988517 1063111 208335 712814 202904 283801 691160 776681 112436 1080726
324587 94133 180175 1015695 457552 229221 205310 680775 311359 279226 1113349 536235 336617 762694 656924 315847 556234 21148 198483 296378 975009 592740 343892 217190
276830 16071 217785 572230 484095 273565 216707 1039631 254177 708703 775092 919856 240471 783302 572676 1107125 1080726 1147266 318311 318835 966851 583399 1219247 210941
226891 409819 311541 1058081 1152965 218542 25869 1058781 228671 290560 1146262 669542 237456 1031471 710080 1175500 342837 668 262970 197636 878989 924796 166900 216000
214452 967771 167690 785573 991136 302195 18930 816233 262244 383417 518500 511636 202924 1223821 997406 333662 278193 971984 210235 223935 673144 537650 471125 262400
502375 851006 207359 1183695 561736 283740 283658 815759 318034 459704 1095247 682247 328853 1059 840146 1186351 306340 433897 259740 284382 159440 712612 602888 262710
597945 1125586 195331 513653 1066582 302612 181298 1070370 277740 241361 128335 681691 730239 514073 975185 836201 266397 571658 304387 231099 1038309 1062845 174873 262564
276015 24408 1146528 856176 561748 305465 382303 547710 212426 331461 1036367 883008 240042 855877 975676 1182166 262277 729841 330397 330088 943770 536014 176907 280637
281428 655068 289950 1063113 561317 290622 226067 757908 306919 269938 30153 1058966 355462 73 573093 788202 758107 1193760 243101 267552 325725 1099663 31361 312092
1078712 928339 354690 619917 824265 269614 205619 319888 262361 203432 182128 746900 283804 47420 879396 1230127 224982 1006133 224849 332109 420977 650813 181913 274196
984557 19493 220466 818364 953120 329736 24385 682747 231029 202851 170214 682635 345757 980 670033 1026460 216068 1148794 264397 248223 526743 1157701 309759 31582
988935 175891 178519 917785 330909 285568 182306 680752 262150 331494 112254 1240645 316446 609579 938788 225758 605291 264885 147376 284299 426976 713491 62413 262294
354777 691199 213701 577433 1115103 232213 181243 775946 313252 260001 68441 955666 336684 856437 619327 276881 227038 545315 255682 336657 714392 718581 60668 27783
772495 1136832 23141 1114569 1078130 222675 749058 1061407 277828 462559 30253 1009083 317643 807 706745 897225 167454 1177884 318247 269255 811079 691492 454632 112746
318221 22898 263578 536904 318123 317993 128296 626505 222955 456741 184487 904662 293846 1055005 1025389 305507 306511 280209 242067 218290 783679 1193295 166557 277703
196886 409009 303622 1147214 1066494 315283 447101 579846 227944 352931 385182 565462 227288 254364 975244 539596 215548 1241097 305971 308529 1149128 1128053 585498 307389
781898 966730 378567 795348 648478 266313 937397 372140 354329 264760 389294 1003607 296808 580034 734326 1014710 301756 745178 264526 329772 1090710 431618 1156735 262610
357355 408466 182558 661882 188886 497419 307686 966511 269271 329465 972146 878826 328891 598252 1090111 1062699 198506 745007 320498 286277 916326 1061883 498227 208122
330735 181097 177905 1179674 330084 268937 180337 549172 218198 238822 536070 1140185 332145 198753 811977 824249 231267 745758 337113 336417 783254 1109964 922114 307347
634050 122486 268521 297182 896380 228043 447640 625820 229113 236632 186504 595641 259778 422598 924062 854207 608967 708254 306435 265585 1207161 1111478 446247 273249
326797 26621 225373 748955 620946 842 231237 997806 230759 496957 889774 520596 256629 1264807 1073547 736338 322806 610853 289970 317876 630190 721747 112378 210528
318856 764943 225735 595822 561613 229936 180838 1058458 455360 318471 925909 1061745 331047 75 529568 721379 937746 473961 306854 284453 1124918 97377 24782 267477
333522 866200 183402 904804 1065800 287160 317821 1069816 209025 265431 129339 1107604 296532 1072915 746515 564427 269206 1183463 304978 276179 797089 767863 181003 263104
262860 413440 571675 879072 690780 481132 186504 860446 307576 460258 176295 560547 330331 1258233 734295 695206 308987 304149 202867 340626 426529 1175386 462662 231110
290982 1083697 519109 677645 740991 217662 269761 1127652 273178 459473 990428 1062553 203349 1073239 1074310 234516 251184 103420 257750 331568 457698 1218685 447927 31851
278086 183593 182093 815887 343476 654909 381381 809838 268640 376345 195104 657116 284583 535991 713514 824230 273356 745936 265104 320913 912871 659361 176159 262657
217579 14476 181728 904892 135266 344770 118219 547621 227860 203618 519552 547368 344587 708824 774979 523491 205965 794241 348851 336638 683857 1114226 113307 229221
334301 92146 29952 1041822 317731 220306 182546 669705 327745 263260 178647 580120 344783 296063 1058908 787967 256591 961749 345205 214116 1150433 1221773 181146 199745
955918 186968 329005 910396 98342 310908 181764 880947 214687 320522 23850 626188 215643 514821 626304 849064 310089 610276 380135 306166 1105277 1132144 126257 296451
212148 120380 225633 755072 1155261 329401 129007 814877 252341 378854 188652 1149142 264840 79821 619239 664550 276596 889363 293371 319945 1142694 997462 603704 488077
698289 794858 183571 842117 734482 271807 181656 584590 317651 293997 1177604 842603 266116 1071682 809757 585369 551686 692612 224693 279438 319748 1036868 1048854 326557
273054 1162451 177880 942538 320019 265558 177539 652054 270063 315481 1116880 1058391 356220 260234 975534 948840 912357 536400 297315 336715 832576 1140226 10624 270655
325967 408276 209396 546286 1066557 271450 180082 818369 214429 460066 147950 849865 358704 820130 937705 211000 271857 650473 605054 1091314 941891 1004560 301007 329474
30201 17144 169191 1157770 861769 236251 181489 815446 253586 322223 815522 596314 203014 1160947 938346 724254 269526 1006175 295083 280143 1223514 1214261 128260 209822
230049 95742 446677 975008 357571 216634 324126 1058796 285153 203119 1015352 969303 271428 993083 997727 686305 272094 218225 358713 336902 1087297 523785 337722 128442
337600 15988 273460 514374 895911 499688 25446 200817 261737 331294 392634 1135527 261489 571936 694506 848255 27476 33866 331537 265624 225753 875514 265545 214520
232592 967880 177865 607274 1238091 224547 189979 547512 228913 284846 980218 813312 330458 1257895 840085 925859 108886 220520 204880 259440 597300 806551 769907 214126
173569 392978 52125 546750 219783 309653 18555 971928 274634 261191 519539 610548 336169 913534 734138 1010139 208297 1088530 349037 202851 1094778 1102414 603498 274021
470651 388033 342692 635445 290818 283425 431485 1161660 307271 456444 103720 940797 294398 971041 904345 1038886 277258 260603 258469 268131 691258 286780 412954 265702
187669 702302 220596 585378 1066219 237361 52684 997196 326473 460208 184905 523108 261243 1279699 564899 1012182 129918 398264 336226 341345 1171525 405060 62690 212307
138242 553209 186237 855756 290433 301268 182337 1081419 229300 331572 177963 624038 237317 643882 620227 761836 271172 1004727 255620 206895 811782 521206 448791 227085
376190 23539 224932 513299 209103 353196 431685 877583 196917 459576 518591 747232 320805 817751 1140126 940202 682194 94866 323422 203067 690727 1218515 418728 277570
327915 388593 178081 592119 295576 353328 181098 1112037 275120 280268 118201 795857 354967 305264 1074021 586695 313248 1132320 259820 266416 691004 690932 1045502 327272
329729 1257059 181759 1076108 407867 283658 329409 1058240 209575 329288 520190 815289 330729 206266 625879 1008084 256334 1207398 207509 330729 1262741 583414 252299 473382
539654 1146554 343289 884613 222243 310881 17258 680961 273554 343954 855196 682513 196691 948588 604482 570469 278209 1061298 244573 272094 198369 1214336 1070113 487864
820881 1117905 214468 859800 324615 275700 26849 1239549 286293 326461 869473 815190 261132 1093 626698 208099 262644 1028444 305541 260203 310179 699783 1480 202128
818630 403852 275564 826378 1083732 207252 11740 525579 211859 332223 165650 669416 300679 589866 563365 616749 327717 1189602 274892 331335 520998 522522 597242 469553
936839 393880 1091919 548099 864789 278244 186335 1155954 233879 265386 166946 988776 497941 753896 962626 963176 274320 186479 198236 330863 608316 511821 301458 215620
331735 389751 186129 577213 354817 344913 184334 682851 327490 197807 186339 966568 203081 1035860 957425 542308 279864 96415 336617 360688 528112 826746 146387 525510
237210 299135 300025 293272 1066482 325518 229552 249981 313248 288190 1193270 1163740 336885 482590 811421 874131 151780 583641 307154 301662 279774 599969 284844 238038
318584 724686 300412 1174971 738148 128524 26100 909699 209678 497123 126590 699269 264684 716773 882935 788717 326381 1168402 284143 339775 913381 893425 413132 262578
334411 889621 443357 1136367 936637 302278 205783 985423 267887 332254 128531 613417 245061 1071643 615473 315513 380836 791259 224605 266501 645090 652377 426637 382252
240661 1169757 211319 783070 858066 228287 225910 580229 305807 223671 176157 699375 497384 1017557 1173001 1113783 213924 933547 337416 497492 654767 599737 180488 418518
1106956 29902 311860 645656 338200 456811 26348 1142564 208905 458307 1239967 834810 320861 136389 676519 988496 1046847 879324 247817 356315 645329 1013339 447101 216156
326344 414029 181145 1186019 686626 271162 300587 1038399 308705 296719 861596 646036 203959 1156194 810331 904170 777554 706193 331226 318256 690987 1175749 31119 265653
225388 505668 183521 363482 286674 480417 300149 1121910 284873 336337 1060508 810912 259467 1072731 619112 746384 462516 1140485 265057 309334 569628 1017558 256243 146847
334950 797103 181695 753635 323597 456904 177476 1070669 266843 246335 174321 1072485 329248 581433 681939 882711 1194497 730098 331650 283910 1124557 957620 205967 359650
30453 1146372 347451 656385 266313 261817 26072 459827 549778 459448 129877 647428 293997 752012 1134587 500244 679419 950772 336519 283911 783383 322387 253700 208863
445948 98184 827347 681852 330793 220351 316982 262710 430458 461046 844028 1092076 336202 662175 938863 802604 940797 1000417 275730 229221 1181834 626878 1046408 269698
252915 1152059 286807 511830 1105813 217323 424145 595478 321419 460084 128729 879492 332303 696 615887 269710 228243 745024 613276 317268 788750 1124882 310617 471186
665085 98280 174631 796177 747092 217509 30729 547612 209823 307698 1267248 1100480 264529 727059 874704 637176 471368 699054 336767 324126 1231857 700724 458437 264695
226251 1077097 287464 572727 330476 332879 113705 457133 233691 319270 899165 903761 265423 855868 914674 1064312 472637 282068 292543 317834 691631 867924 112218 777554
261973 98143 225477 884483 699819 220471 27094 1036676 262169 379009 638305 955187 260055 856316 547087 327566 1142977 1204763 196600 209139 915465 768812 178343 679251
266851 686866 266517 567559 1181670 334804 323459 574159 262036 358557 105057 880538 330467 507534 941408 552326 214906 692044 296841 316279 786981 690999 25003 433433
439383 23434 265296 625791 329136 275632 186028 198400 274929 460324 182583 747143 496841 442 803985 560382 212664 46431 294072 330447 634855 769400 162793 281318
330935 391839 207524 1140998 1066732 284908 23022 915443 225190 331622 520653 681626 259650 322940 836680 774082 268308 1202290 256791 264559 691112 511500 181602 264376
1140772 639640 305029 772297 523969 287345 113034 520316 209840 213546 411801 524915 319314 1098 923847 941937 470101 539408 341958 213705 762575 613250 31661 31264
28817 91224 458256 733721 317623 301662 326413 525910 240113 376542 389534 707950 320361 236031 849980 796385 270158 586627 297480 337926 771264 737498 52543 225853
281694 110238 22105 959103 345989 343740 180216 548028 327593 332318 293150 1049007 327030 321642 652813 616900 261737 1053778 241770 250335 305579 524055 68249 227583
1257446 639131 220942 1180984 238851 262061 185996 255884 327640 260187 164612 1194730 382422 1156022 997800 217495 263542 745772 267004 247956 201970 1013680 434546 213628
336471 180754 205629 576681 280142 257904 184885 924008 217534 459287 843237 972649 198584 855781 680852 962313 267215 309853 331102 260251 807910 691633 110363 309160
338643 664447 130119 1046855 286772 328587 435046 972363 273249 461275 112280 707515 286569 1190161 903959 614437 315193 757996 337203 305029 1086838 1011979 27476 213807
298344 570450 278267 850836 287655 252901 223218 626399 331962 330128 992340 525445 331529 1035543 938801 670783 390964 1231761 248701 307611 627102 922860 299545 284405
316004 517554 280955 525798 1066089 274640 313310 706680 264411 317578 112599 1058637 319138 818119 850027 1257368 211080 188468 241399 203963 392607 1220964 644908 747350
253860 118947 330113 531860 691088 223759 181759 547145 302509 330860 669533 1058869 259790 609892 865564 736934 572019 999868 348161 284673 942338 365974 460571 279864
