570540 412657 339775 903853 985892 792013 1114992 963537 973619 744083 852861 1124823 576379 1121429 16136 369408 956027 916377 30033 516981 260175 878890 318735 659502 1121039 511705 668401 1127254 583609 759330 681073 331391
861059 1001490 883200 1139031 1079292 512902 807438 997424 745361 968430 1020725 368786 1062164 781526 824544 629381 601377 1149430 718952 685835 326180 848254 367040 1164747 501079 815538 617626 623267 1022015 680320 827466 463133
570599 614508 1065173 1024162 1083122 656478 879398 1058801 667591 1232330 336382 369268 255075 578977 800921 1105953 731262 949271 272568 799968 1213579 223337 320772 746157 617057 814834 1205078 733208 334861 878179 1127549 823636
746982 708213 295340 970689 903272 775739 757359 878672 959436 832764 1193592 614433 1239404 1178208 976052 859472 907456 812650 940501 820381 1032896 1143052 239502 995096 975256 815797 618556 787506 1032771 320017 1008295 1049228
786602 1100444 944012 1102323 903451 1047589 68611 650903 629415 1012055 525593 727374 959954 43947 1210169 629151 828561 1087142 495167 879887 270732 682340 354471 615710 1087265 803935 651340 1127534 1058340 116125 525908 284734
649878 1061984 927223 1145480 854634 515452 955516 879398 673483 1192203 1150490 1247792 1105891 536877 14338 1105813 691322 932871 923903 1077215 1082667 879660 497821 1005723 787318 749952 1025856 966749 1000782 266108 707751 201182
861752 585763 702415 1082267 659897 1019425 798542 651678 662302 527414 187494 1101149 156775 770518 65535 1105571 1041227 617322 327917 855462 981098 862023 874599 1192113 677843 1004912 1222313 1037128 986637 112900 955988 465304
650581 986185 1087382 1123360 715682 443356 997424 828452 963613 1059190 1175388 939603 1130624 536340 326159 629206 1062533 718620 1030468 919227 1214000 817968 382402 972753 750469 733730 698968 1034065 598750 320597 708031 349376
853717 834144 337203 973517 1008953 1264959 525260 649765 767484 744568 1021034 1025220 771927 1081063 1101069 629053 1132320 1071840 137063 1054247 197051 810774 367353 259251 760482 975487 218486 1030304 182095 616531 808541 462924
1064432 948485 1023735 516581 184862 1136616 1120419 892069 839112 1049023 290406 710542 1210753 770191 1078525 1124590 1119866 986076 446861 720617 766025 815673 734560 849486 324621 870955 810644 1142507 933643 491690 525429 334867
525231 681311 694643 1174413 172084 779707 659316 903934 1103042 1098954 530563 705832 1120020 770033 1251410 829349 516957 232518 656903 907529 1234977 879457 357398 1004193 1240467 787536 1185431 996646 1125568 214687 1197417 217639
861400 808204 294088 1024683 661882 121281 932268 691450 919311 552524 177983 1238011 1144105 1079209 590825 1134518 720568 844759 171048 627369 327519 953204 491662 540210 966479 384080 1142921 549638 1144998 112845 910699 294342
592430 1181656 1147622 515940 817163 27568 907713 650473 211254 1090481 812641 893916 957945 572799 247104 284584 730819 516458 1016618 858057 657148 1129593 200761 797366 810258 677370 1181800 997249 216585 330048 809403 141928
547446 1015271 1004247 1123342 1103693 543957 954325 861071 1199423 227819 120749 1163317 997996 1032688 1129843 1176401 314687 1177824 470377 948043 931479 1174641 286553 686880 1064511 904063 637527 659746 1173258 329180 1192783 802639
963688 1130492 1074242 598961 590853 112870 815565 1014260 800811 1040737 843989 227555 1208033 113366 1012829 690736 239014 95835 1095605 701688 472123 878746 656515 781885 220376 815645 1076146 1089020 524260 319988 596737 327828
1114818 620249 209690 1174094 536329 725377 657009 623655 562988 743762 446172 1016558 1088284 712189 273156 1106282 842500 538619 1229862 1012116 823188 1046771 1004068 977393 212894 871987 202300 1142078 971410 329415 1058793 376194
651926 412617 670751 595346 555888 996105 862023 904118 1253765 765535 448368 228675 1186869 339981 484239 220234 782157 549931 522619 613168 446134 879189 319232 766458 873672 1155410 830417 707262 1205593 196092 815506 785290
1072025 573017 274169 1060194 156184 641875 1047464 1142166 724061 157469 614180 951029 297684 1066211 926790 1061367 818381 684880 1266712 815581 257221 863725 197506 988967 625780 587719 1141475 808020 691782 353745 1069917 370156
860981 819570 336182 842980 106904 756247 681833 1070141 15281 734119 766506 1134412 1192845 1280828 1176404 171968 589930 868517 1213866 535678 260119 1005123 297063 760135 760155 828998 420977 770938 260936 321112 1048656 884676
649707 975671 330384 937900 1251049 1088085 682425 903465 1010638 986000 970195 371475 1217069 27976 891791 692082 673699 885841 287488 560553 162990 997710 319187 543847 1082207 355156 740425 830417 871733 365761 1129746 198738
814895 883196 564503 583947 275031 128144 1142815 650940 974761 1024635 658244 395377 676268 769984 532798 989874 592998 486688 299718 972332 1053101 547045 246620 1058386 987255 1006963 1231372 1055249 881923 113707 516686 364051
774758 667668 330643 704731 567995 544379 699911 996707 544935 553153 780512 784604 787380 302030 1215111 1010824 341981 837474 862195 623872 483518 559838 347640 656647 995551 638502 647909 733978 665193 115505 649845 732365
570287 863882 787192 640429 1125683 1155212 525103 879031 973757 257167 678639 364884 1153724 860007 841352 547615 563939 1257169 156706 1240452 148797 217803 318963 803836 694909 879299 1161174 620078 238662 197827 928200 312882
923014 1074366 966922 540888 152544 666326 708006 972510 511794 757710 210142 1219371 534440 860722 116561 629499 1123226 213720 990704 1028558 362477 672241 296743 678915 771003 893758 1182710 183228 739444 493649 44293 492974
1130353 412744 505763 788320 1131462 1146768 525134 1051783 746583 637448 1002283 614265 714463 563754 922535 1076394 997917 308796 169898 588484 1194980 649535 353818 975545 946377 975349 525169 1064534 511814 1081495 814854 333278
1048930 624201 548567 796490 1140399 1046670 787775 879737 668887 1058712 653444 1103813 572591 989900 665726 975054 740213 579311 717453 811367 91971 972161 317314 797261 944452 837504 778080 1007667 743395 737224 525903 307304
1114304 413449 703431 941175 1092633 166757 1060428 1228241 677557 230088 1071949 543639 1161646 648353 1127528 859284 852854 1233983 114067 648943 865356 980948 463958 707053 966944 814940 302458 1142547 589643 261044 152914 334245
790786 561305 457219 775616 961589 686512 1099801 987961 332655 681086 597213 949032 1236573 894993 1199853 1180601 720583 761888 1268299 718834 552084 1058120 461503 758070 1013084 974920 499331 811975 794091 491935 997006 295931
1260046 1087011 674066 1134485 992876 177470 650488 1060704 1025848 997427 969221 1113605 768860 899069 997939 691004 1108451 1133632 657892 1095060 805425 849255 1130043 962158 69162 954470 158952 808359 514780 1113700 997146 246456
571012 525062 1058434 934518 432540 1217624 746305 997703 601351 1184515 306131 1163615 1165770 985552 539339 1105737 1110012 1237931 672517 570121 238528 523493 294167 624418 770853 559471 1097618 975318 278826 240394 1058378 305581
860901 933674 1166593 937468 416014 565561 1048481 879086 232614 170702 874537 233037 773208 742511 826883 1046917 583933 907327 1165719 1017590 1185533 525717 295619 640607 757201 815566 1229901 1058181 893217 345205 1185610 888845
570130 810733 1109620 1059854 866809 772679 1114354 1058821 519175 706090 324842 1065739 1194481 1130747 629325 1059790 1014058 433320 1016473 834928 141833 571292 321081 560767 1114785 1110333 1238393 775778 564792 329320 651271 223358
570215 1001257 189034 678062 864256 541747 853702 1058389 581845 640986 552503 715539 776682 447187 787199 986056 772230 1176000 217559 1098642 246014 862166 256218 861462 776619 525081 859252 919018 329944 491662 691515 362346
571281 1177057 522458 913963 1130656 1190343 879464 992221 1100150 203062 1170640 1159347 548553 1104582 1128640 628391 648684 1161597 267320 1182259 790193 592581 462042 1181390 1259557 334404 306463 929659 1179933 332254 699838 304795
1037230 305565 1142365 1024788 1078899 767203 956512 650533 1029544 437006 124538 900717 991152 746267 527254 617549 1023929 102600 427289 240633 976046 626543 793471 840330 903871 1031337 760137 1126966 1236246 198857 67634 884496
1138808 682392 879598 315001 1257057 788489 848785 903470 309619 675768 782398 1033001 565393 1067410 1183082 323462 224464 864748 328111 848870 1045296 905639 294399 1003049 811718 823258 1201866 770514 823925 320489 1148865 53334
525210 1142690 331074 918178 572034 791930 1046789 680930 931955 652825 795540 279023 234474 943978 718726 1049847 239530 95569 114893 649775 1223906 969850 329384 665478 1122223 815776 1193992 800420 244787 623483 525203 344468
916116 878036 958181 973673 889642 561251 682767 879606 1157701 326642 973015 184983 1032977 1030762 977744 289667 524632 1193312 646140 564996 1145234 1058437 657753 659756 1177000 1233009 1210933 777075 225246 329487 682674 201693
963425 413484 951165 749258 804109 901127 962889 890900 1230189 965556 669231 1196679 569018 1238705 515265 628337 1159812 398462 956619 1058906 168134 607786 250142 665286 954266 143814 647905 997029 361540 434036 815185 947019
570693 556854 860542 1134615 1209107 738051 760469 649878 804886 834895 787477 1007930 583452 525073 1223988 628968 668656 371136 262973 560729 331108 1058949 459576 656738 811717 975918 1185064 777087 205765 461192 525237 1234760
996974 692931 922771 540525 975760 678026 595643 879245 805789 1280813 1175663 1221853 700735 676032 638313 769686 848752 542672 919261 975405 257150 605597 349985 681508 770987 982892 663633 815688 870888 320412 641895 460924
1114332 834153 344891 1248533 1165441 681003 911186 102794 435944 290557 973007 408057 161105 190252 1234683 815274 668692 975204 129946 330526 947432 522390 640193 247995 261746 814614 507087 962890 890774 491517 815176 144359
1280531 975735 204070 1157160 128297 860827 817400 879261 543849 744108 244244 1057865 544811 1145986 1222711 629361 1029807 998943 473833 923267 659066 879416 328054 919933 733099 1148294 828581 989854 26210 317632 1128013 29326
570469 798730 1081797 596004 843943 128729 1084206 650852 581781 1128269 796696 932543 660748 1058213 768983 759436 1139290 625826 1114689 651182 679843 649878 319734 665873 1038369 815157 1042608 1240410 907342 112969 1031273 4605
1210301 933924 553546 748001 925535 540998 1094603 1060849 952135 615143 1039048 66298 778588 910181 66805 294917 906185 822740 1084099 645951 76467 1231563 492776 624010 810381 553676 728358 701767 787852 124554 956382 483300
252491 975157 702671 718017 62922 1163309 602936 687096 681282 1175703 1248757 116530 959149 194058 628966 360382 1062288 223374 272167 571196 671155 821697 367809 1013714 625931 951002 783576 8305 132470 216723 815709 250326
1048681 966835 221947 817077 771344 662326 955818 548845 824706 1042210 723862 919637 1037256 711800 770157 458258 747494 507574 210171 801907 532516 626963 345205 1151556 909957 550542 1217772 733505 667107 205690 707998 27781
700582 640041 655888 1011241 666793 1012821 815542 878891 1135155 515854 945076 1249086 690977 535896 778792 215934 843369 160572 207816 970091 995961 616720 1003739 610550 924199 356508 1181544 954362 311570 939866 569018 205253
1203936 687186 623625 721747 781429 1103017 584738 878828 1058909 552367 639721 1174761 724923 815759 472669 234597 1123309 696966 941078 207826 469342 1048446 351912 883461 945039 614314 641702 1127855 141719 329851 1185784 1130508
540367 799211 464572 663933 1126650 1055894 1109623 765925 611608 333295 723892 406566 740771 454400 264588 116215 748057 526959 577358 700148 1239165 580808 362884 793856 660568 1081458 584308 760813 1153551 362642 603736 488675
520228 1104352 705038 1090429 820336 585414 777373 879873 616198 796657 222052 567873 678265 221037 1013816 904578 1011670 387648 1008665 570658 696051 1114789 338570 750323 528781 226052 524845 171999 1127591 211982 1048605 376779
1183946 1081960 281245 531637 903099 818469 575344 651708 362514 723259 1004480 440205 1195850 571349 269092 1105302 935726 1006451 855279 644801 260905 1070070 349934 955289 898050 216490 652254 628060 18455 331282 1143182 202822
1100159 536768 1281119 1173436 896550 192104 648753 997493 1003792 883071 304006 1110128 532130 703031 81009 1179496 544770 955499 125077 882609 1006642 547489 326185 560466 1142628 815533 1123578 1149637 846073 492078 985229 697410
570171 678316 917397 1086582 214198 641550 1111731 966972 1064131 1038025 551996 894510 200151 922067 30287 629188 885372 992699 1196567 736394 201280 570171 473143 772974 1038351 916191 793746 989541 322761 197868 879766 332287
570708 334935 196609 1001134 1060059 1109181 842362 996606 640495 725185 1041511 408527 684630 837686 746975 629554 199028 162169 941265 665414 359988 861789 312334 1086144 1150140 570439 777937 1142962 113578 328606 1239502 986522
570128 412766 975770 939446 1104216 269921 524974 879378 1224244 311556 756603 888651 994787 307168 1110797 274495 668401 601729 656712 984606 1072863 1142467 12070 1148434 616622 815343 253820 613651 463080 497909 878787 942440
570707 1047768 1017346 1139298 800312 994943 1143052 1142272 995026 552438 803475 1146037 1181630 656486 480050 1091315 1149679 858802 195333 916714 696032 747367 456141 205645 815616 852692 565600 887181 360770 803286 547703 459037
785843 1096230 1102679 932570 1009452 316903 861448 699905 1010449 192089 807857 1111313 1087085 775513 631050 321214 1011157 217228 219067 645188 1115151 524991 312907 392128 751208 723955 650985 733334 142291 198028 811742 924468
996940 412401 944107 970522 781340 683871 741524 879536 210701 541570 280110 531347 1256590 1174862 534484 821280 1024686 701902 1256476 942949 1251353 980368 360812 746740 652718 975634 565598 515861 933778 910727 526729 1125008
861120 1061571 767330 1014276 462605 950441 968382 1174231 1102230 769835 975276 1164533 471635 825257 928706 628646 635253 112324 114832 659032 581002 1183155 199048 739011 738097 45509 1236676 1127979 224506 229433 872557 137570
1127359 413392 715740 359831 985643 980750 815190 879774 966161 1106944 560454 938928 385798 781163 476442 244859 1279110 1194498 658866 812868 556597 425698 186050 618920 460290 1028077 836641 778169 320591 1004222 547621 423884
1198304 938272 535740 533608 448368 856763 938576 669216 1025886 847620 332910 678833 389825 535953 346728 555606 313779 1090050 270253 1034213 1219994 834229 286366 848760 626711 823043 114144 770993 1077869 136832 1035648 312418
1182624 551278 880989 977002 446172 988318 1069940 891670 544533 1040014 827169 682979 756255 955239 382581 456828 208119 493163 214944 697645 700136 901127 465200 1047993 590604 71553 647674 1143154 700839 292686 1130397 473693
570415 1173005 666449 1018533 1103776 506029 1127303 656317 573102 1007320 1239244 530439 651357 765901 748557 628374 864870 1004286 844529 867005 796798 777174 429315 761058 759774 679613 882510 733409 796717 112817 1203302 331540
666310 940251 198401 659229 935035 1032843 903213 879080 200389 1185438 898093 408791 1087809 691707 1054257 572925 784806 990832 1239954 514975 812621 215960 202298 726777 1038108 69425 746644 696269 429144 317788 1058893 485717
562557 678957 330280 835743 845541 789104 902577 728976 1188301 362864 680587 770596 401748 529171 1125411 346929 713216 260539 1226432 916572 265189 990696 312253 648322 571399 826622 1031040 989828 824184 427323 762893 260598
860950 892193 513181 1157551 594248 571759 791207 1054991 1125100 882724 615522 1254925 1148870 865609 294537 612728 940935 540958 1194762 679286 1021414 697343 670186 695563 1037866 1028199 157245 732369 887043 575106 741093 492713
687629 907051 203856 715585 662553 1040732 1165205 1183887 42530 966020 735188 620922 1045602 625821 1055723 608382 1051722 775946 1214802 1155202 671120 919734 497777 892233 570565 125775 1238017 923986 351190 265720 547111 463419
589358 509894 1091014 1177334 514081 720318 815759 525572 789719 640709 50580 639420 466518 899368 974790 223187 1022826 1280178 522786 1037629 336263 325914 201675 939090 758253 815230 1229047 1127716 557185 910881 1125371 199941
570373 666375 578300 1010843 536921 1163628 1142471 198034 1099144 909990 757416 1226953 1185602 454906 368432 955515 1001059 787764 736057 565419 152655 532291 490791 687465 821335 80174 601286 1185474 1262830 231011 370466 492078
525579 412292 1150561 616530 997365 723635 516899 1061459 668639 717839 491298 892252 1205593 863920 1103498 1180054 1009091 687058 117087 505830 959858 961847 319353 1148927 1054887 1112440 1163779 574847 720852 208292 1121634 475600
849975 852928 305003 781549 963147 239384 977037 585431 946196 718402 665428 872056 1109960 568513 332314 821643 781619 940147 969964 872600 995588 1142921 88709 916210 1063294 815075 947392 525237 331594 1148590 1141952 995414
421407 1017825 540886 680226 820734 1189681 1045345 504128 583182 260806 326929 648103 1200604 1280896 367273 629152 746219 1005859 698277 1086485 1240661 570786 295408 860153 997463 444476 739756 1103308 1119918 708772 565495 279144
1114905 413373 538063 729669 473607 576110 1127035 1022684 761051 1188777 608024 1240100 579201 715976 987461 761427 192100 1129301 1054409 697747 498115 1128016 480676 836212 619891 510721 1016885 1024478 1262049 290624 525260 472602
1069876 1139932 552935 704039 535539 433172 848892 970532 1112420 463783 873544 745481 894648 971644 598815 934763 1011352 680172 941359 751308 216297 227589 290191 799968 1069601 934187 484466 966468 560741 116080 809484 376087
861815 412501 562281 1012041 289293 1156965 977328 811440 1006748 865542 672486 265093 706482 981273 395607 665478 801355 1235997 283503 907816 466185 963571 199121 947961 870625 1013520 651341 1166116 781625 1102679 619593 136663
679437 907458 1281146 694932 826552 1281148 691586 900440 667902 610129 1036904 872864 785541 1152930 1078496 1105929 599960 151937 270594 603195 676281 1023518 189064 1164141 956366 207748 1130086 543910 698316 461411 955602 493044
992121 1039488 1003280 745560 996051 1162766 746758 827333 1166545 936267 10783 1025908 564130 536163 628407 1126366 218945 608530 309564 973754 206337 699892 608726 654328 886286 1202901 787412 994990 330538 113843 985571 790901
570259 545401 1122243 583078 1108006 886922 620410 1132948 71858 1029814 730468 1149972 526116 306575 31628 702831 1001083 359146 469655 555035 855683 516056 362674 901321 990059 215597 1058378 845806 712508 197599 547612 548641
963644 1188620 974889 583957 1130434 843928 1054812 903823 877668 948113 1084542 794476 593280 586752 470603 492206 571065 131009 390911 1058249 258770 1121326 326060 1114394 770436 1271370 1236289 540276 326561 789997 38519 795246
874474 1038258 284117 676068 763380 789026 849975 1036101 650889 984126 750486 119315 323249 716561 1003676 628591 1150089 312661 1238380 613744 209790 726780 366677 1206996 959043 945156 647468 1165076 240114 67189 860417 277378
798137 547447 1173868 1159575 180799 356677 650833 926800 1266454 249175 1076904 369311 1277118 27593 924070 1143383 950236 763022 601178 850322 887086 1054392 277410 733371 1037536 571857 945293 1126898 1237610 344719 690864 774105
853601 983374 913128 932279 806972 345525 1149638 879857 851948 1109913 759783 691574 727895 577225 282126 149492 583412 755063 434528 708101 1046103 940336 331598 616171 988967 452867 647276 1046479 497857 38147 1165127 22553
510719 733198 709550 683702 129363 1152216 1111605 815252 1177693 187461 28407 926803 230951 817019 585639 768540 963571 1034379 560013 1123480 316116 1028447 359065 1097395 1095069 937670 947537 1114301 972333 319580 1259689 424063
570278 714207 336450 572172 286311 749808 1177779 881811 1060870 977965 629378 568106 1008844 943448 126160 1018491 1014430 684501 941071 950600 228507 871181 318568 1233473 632601 764620 815698 1155494 241233 761347 4748 1198851
1183100 640258 650727 938197 488393 1165031 1112254 1061627 1129862 157178 687415 1047724 635679 679551 1138510 258298 601566 1205107 823054 747260 808407 746798 102436 764891 1174040 966073 910533 777129 1209169 113479 547559 724337
861448 646215 776481 676323 1190077 848284 605853 1198185 987576 1112344 620772 688251 1202963 536417 629262 629587 905165 785197 998390 648326 905141 861133 365345 559834 718268 122199 807185 1055198 1147745 339887 815044 334612
861588 412836 900380 713458 845831 446606 1111629 1125545 11799 1140811 530652 1011235 1190800 627193 1041410 356297 788423 305072 937305 1160725 957060 225754 1049706 1114591 616275 973085 880961 784999 1010042 915378 525579 470740
645010 1145874 1147468 1101698 999523 680577 702135 870201 130315 13244 1048451 369216 917617 84603 368177 628800 668221 158155 523249 760332 319269 1147879 250695 760469 1139703 734176 990553 1155670 937395 173859 547575 294150
777720 589280 1144294 970581 941937 804264 1136340 879627 963866 796283 723803 1173785 573332 870325 953620 629230 313039 282138 539252 917446 870092 349658 306668 1206012 707248 81918 1038015 815421 326407 336723 1058460 273326
786243 1116313 698299 973608 304762 792163 879481 547393 1168048 556109 842571 966449 1136744 519448 996848 225491 495090 221447 718785 1257242 679576 648370 493774 895419 975405 968624 517949 165518 1107969 1048991 853833 249729
1052874 413010 286880 391742 1014116 512916 620303 879343 369509 1130014 1188922 92035 772783 929213 780297 301317 489086 686925 661211 796575 571151 854004 345875 955349 746898 815705 1072134 669290 24553 230833 708133 15409
1128013 1111688 1068454 951522 114345 609962 538145 726773 1142831 661839 1110652 688974 1011222 24984 975955 1264350 558729 246044 268902 559943 574873 525642 354718 760545 1186304 363892 1167237 1003385 1196072 31210 397585 1104656
681732 975633 569767 901395 585797 751343 524849 1126997 404185 1006041 752336 392642 1240094 871372 1255288 746758 1090007 805085 470126 539506 321445 1026161 365785 1107531 1090439 815487 1233590 909243 1020966 116298 651242 484729
963223 1125252 522877 970085 941871 1097778 903370 584850 933979 307078 782193 1056736 1119547 939693 258973 512060 1001535 1006756 1238628 1125294 727806 522969 197052 866958 1232152 207303 409349 727856 542512 475974 814740 474026
571206 975413 605603 1157961 432934 943839 81921 814545 622050 870371 786885 831004 867001 637033 1219067 1271633 759795 754527 279684 507663 1022320 620317 315991 665811 112410 370048 1172358 1229636 317111 331963 1058781 334102
1264394 751984 1047026 701513 753706 721309 902143 547367 560100 623050 685077 1173328 878747 750524 933578 951999 1080497 312860 554355 331351 811265 964045 319861 671458 985884 1095769 1150066 566231 460226 785282 1058888 379989
1142552 903376 1258852 560320 716555 926830 811166 547575 274589 836531 700144 932466 915948 1071822 1233447 300189 1132144 627609 434737 567260 886321 509456 366479 610793 976086 390178 724250 650473 1093007 681646 89978 476302
700915 1060572 113258 800954 785497 636961 525666 651397 334080 767079 782057 691260 665748 1031044 601208 830916 1111134 727341 69337 820508 1003323 997337 351876 849084 1131278 894724 647147 978634 1099847 475580 635102 331900
145326 975838 1149115 1011365 665216 1237410 1141565 1234514 965829 682071 650549 351826 1191445 746268 1233116 691360 332455 466375 534708 811953 841175 560594 1264944 862155 619844 736499 707640 624101 259454 209078 686319 1077880
