830249 130436 312171 161074 848623 562615 295472 170514 288526 31510 25108 393351 787628 1130837 1153565 535702 775860 336088 196225 216561 321869 778347 130439 678873 313784 124093 1060032 1131066 457401 775171 226182 129227 196917 531121 912711 775651 1030863 333743 178822 1058667 423962 202652 716701 932021 283036 196633 892232 18893
831243 130362 312621 98511 753387 594919 202877 574865 348804 244513 25583 393890 787428 1131520 1152893 535921 104954 938056 195733 241814 322085 1007545 494329 776448 518421 124139 719556 947365 859715 776218 622580 603634 331364 1064103 877795 937363 1153988 342781 170559 1087825 422699 203867 761766 932223 263592 249472 942606 14140
831018 232353 626610 878023 848834 845692 203584 169928 344389 490359 17167 394037 786961 756792 1152676 535418 105994 937775 195879 257970 220828 1007265 419438 1095760 97853 271439 1060087 1030863 456853 775272 1052262 187787 199750 979931 1031397 775905 1030979 741315 173777 670240 249994 281502 716841 166974 264212 196745 674081 13796
830622 128754 721421 100147 648786 563296 452131 574112 347766 857740 25167 393535 786720 657949 536989 536486 721124 325323 1030863 234994 221623 1040678 1192120 459163 97553 123282 704241 1164690 739106 775690 921364 128156 199686 979573 649530 948234 1030323 303769 179423 969525 423187 281113 716954 932181 366557 249513 592700 14218
831152 382229 758145 94669 1151162 831204 738360 170769 932104 665800 25009 393373 787776 1154469 1152665 535562 967205 1048648 1030570 234025 225498 1040660 819887 775219 518381 897244 704258 947429 738939 776123 1052045 602819 362009 506200 1150118 923182 1031356 454754 962343 1058613 424142 202410 716559 182789 366634 1213050 917678 25379
830916 266622 653155 98937 806454 563613 203615 171937 931910 488263 17843 988462 787329 948717 334507 536264 721165 251507 1030323 226251 225227 1041084 128087 525922 1040660 907701 1090256 946875 465470 775860 1051973 128678 362424 1163641 917168 937046 1030602 219521 561238 682190 423383 202075 1023335 393155 313155 196748 941730 18477
831342 129396 677057 571919 848492 831115 203491 165782 354936 825419 25473 393268 786984 1131920 1152462 536112 787911 973006 1152109 226751 265310 1007054 232425 1095030 1040109 186066 704609 1141702 738390 775543 271099 602503 333816 823798 602720 775690 1153940 421232 111918 670269 423204 278632 761073 931936 282886 197205 1167567 13989
830449 126765 796751 154651 1087767 735236 203373 169745 353950 491418 25360 393212 787008 912338 1152351 536383 776124 250351 195581 232459 208892 1040109 232623 681939 518833 92515 704300 1030349 460138 775535 221507 11926 331437 530857 1030950 536246 1154250 635704 179070 1101084 423564 342490 979134 932864 231592 303174 569839 14074
831204 284609 796252 94905 929538 830692 203519 171838 223195 490251 25004 393348 735092 1131082 730908 535694 112115 1048185 196760 226683 225023 1041173 231446 1152066 1041173 906821 703723 936860 738391 775987 215933 603347 473224 505839 699438 698193 810791 241174 175833 528925 423599 742291 716849 857338 263283 1126202 569562 14752
830363 1165140 874444 158027 1152057 562394 1030863 170594 932420 491146 118062 988641 787087 1131864 1153176 899449 775096 938099 196286 271184 1095108 291019 176607 1036871 1040530 218953 1059413 787690 739358 775111 906794 187722 331797 774266 1087382 1241669 1154363 195745 932241 529867 423406 273587 716835 932279 263564 595005 942015 13356
830208 130060 312429 160330 849351 831196 782433 167954 300571 789040 475810 393446 707059 929490 1152572 536251 106018 1016887 196164 342121 990486 1081356 189969 433785 97671 289211 1059530 797137 739542 776051 315075 129088 327343 1178456 564996 775404 1031376 13827 691459 1058294 423185 281417 717309 393351 341810 196341 942435 787428
830593 126721 312630 419381 524602 562526 203013 170896 622981 1093303 118072 393869 787093 1131823 1153135 535260 105974 1007153 314502 225355 321906 777696 108774 434000 1040124 123880 1090325 946776 459339 775770 217326 239921 472985 1064155 917105 775987 1154301 237264 176161 806451 424085 342595 717007 931731 263133 195686 987287 14177
830800 1166132 312324 732831 1087641 831247 646211 170662 349326 103500 1095652 393629 787318 1131901 1152376 536078 254781 1007027 196633 232650 271487 707023 821077 777876 518384 289795 835415 947093 460550 774957 1052763 221041 332055 530460 1150294 775981 1030281 301790 563411 682745 424145 206811 761514 393348 341427 196420 1099517 24931
831459 1016025 873596 99282 807045 563456 455478 212781 288308 242450 24830 988575 786652 1130891 1153445 535453 254042 937877 195773 271122 214374 1007079 818927 1095879 518668 123552 835483 929069 459446 775137 1052320 1087572 323187 530904 1084340 775978 1030518 1273985 179353 1129985 422824 1083360 796745 932593 263557 314502 569428 13502
830840 786961 1025058 887067 941032 830404 849351 171676 354174 92452 15306 988216 787570 707767 719556 1237232 110489 335675 335391 258027 206384 1238574 170402 433758 518496 1084290 1059550 1131174 860301 775521 217433 177814 473438 530266 917074 872744 810681 242638 690934 245221 423942 294492 717019 932282 1189214 1125591 674002 22321
830517 177820 312786 717063 753298 830839 294319 166976 349536 1093598 25020 393578 787090 1087873 957710 535926 413226 929081 810791 226815 182623 1040763 125791 1058650 1040123 478209 1059605 543929 853388 775919 1051915 520813 472569 979530 649423 775354 1154314 990076 1083822 670027 423243 204036 716865 932714 210341 248813 651731 13061
830665 232442 1038294 159097 1153622 1241826 203416 170937 346898 28224 118536 393107 735423 1131531 535539 536479 776136 310861 196755 251411 349065 302960 24377 547655 254641 217903 1059981 1031096 356570 775005 1052628 389543 483940 505935 565097 937536 809874 635335 772281 595513 423487 795733 761141 931698 232442 196225 569192 14235
830854 823579 312937 578393 806345 830915 739552 167083 1096226 490448 25434 392797 787883 929877 535431 536411 105375 938586 1030506 234651 321830 754645 177983 678775 518370 124327 703985 1030943 860413 775710 220189 603075 322714 519006 1030548 775146 1030224 742123 772013 1149610 423866 327610 716995 931647 1187916 314438 569030 19329
831160 177739 874249 160310 806266 562801 203101 733284 1095867 488133 23190 393571 787621 1131752 775146 536330 1170426 1017085 810681 242035 278672 519279 178344 776881 1041181 226683 703733 1073682 860166 775978 225326 166526 333936 505332 1030863 1153428 1031398 116253 593860 325710 424255 214740 514591 932165 1189744 204540 593342 22114
831311 129766 312646 1189720 752934 1236610 656770 208663 378164 338938 18195 651582 787039 948277 1153182 535816 111848 937735 1030281 232661 225846 947556 130225 433235 518823 506047 1089894 1130718 502787 775638 1052249 130208 334733 1063747 1030224 923328 1031375 222824 568744 929760 425241 207165 716735 931920 263984 1126392 673602 13124
831328 231800 312579 163147 603112 595921 1084655 170950 931946 917174 25828 388669 786974 929388 1153095 535705 423245 938582 303954 232189 315661 1041134 104446 777696 816808 184692 703746 1031145 738682 775738 1051754 129441 334461 979355 565120 1148234 1030184 823606 174935 669146 422888 934877 762224 931723 263328 204355 635185 22941
830839 187027 312205 158605 807079 563150 294734 171286 319943 858021 25927 988590 787824 929512 1152985 535956 775919 938363 1030701 225997 321171 1041181 178116 778228 1146064 669350 681080 775864 295426 776251 344547 243501 1050912 979485 1162235 698049 1030357 303834 175578 682387 422724 196937 761347 167005 283174 196396 569822 13066
505535 232570 720486 1193989 806788 830517 202815 171739 348574 480931 14302 393696 786785 1131022 822924 535535 412503 595513 204092 271138 321325 707179 177536 778605 518628 500506 883201 199927 1030663 775706 830953 174497 332156 1146860 1186093 971928 1030333 204742 993544 333741 423222 206866 717053 167344 808223 203558 568898 14329
562589 129892 874381 409132 807122 563521 295001 166104 355782 119743 25483 393901 787766 991169 536412 737047 775041 1007245 196299 234231 932743 66418 494851 1095652 518755 988623 981917 1151273 458720 775494 1086857 603490 197313 773672 646811 775126 1030950 659031 179062 682798 424949 278039 1190083 932430 211884 195556 453808 119524
831262 786660 720349 155221 752486 563103 781746 174923 354150 1093692 118366 393668 648653 1131797 519533 1058346 110059 335240 285054 218435 322300 622243 534258 736553 518911 159932 704578 860104 459177 775241 1072214 12514 334187 978898 917265 535226 1153934 229530 622752 595204 425026 1084161 963991 166555 309916 717645 569454 19412
563455 190107 873614 160222 1087559 646670 781824 763403 867450 469445 25297 393672 787311 1131624 731261 535890 848062 325249 897754 234785 932212 777935 178730 1151962 519384 353580 1060109 1153633 461157 775470 220745 174626 197301 1116656 1088305 1115013 1030488 204580 572188 595573 424048 207490 716458 932831 312461 249853 570027 18237
831429 128511 882843 160818 848206 647029 782111 168008 356102 491379 25532 393155 787690 1130983 731779 536216 775616 938802 303171 231796 220712 1007124 177839 681289 419290 123751 1090925 1065129 460513 775576 225845 129527 282704 979657 1153739 823200 1030577 867302 771230 698442 423821 207316 717466 931668 283002 196303 597392 16314
562668 174840 945090 160218 752974 563172 294217 170387 343760 490808 15020 392892 735406 929873 1153247 960059 775171 1008140 196080 244673 374662 987638 178728 872993 1040381 123984 619057 1164554 457035 775672 293483 589877 334507 505816 1161942 834282 1153845 204355 521714 646280 424366 197568 762032 857137 283326 196021 570063 15272
831142 178701 530904 290196 622884 830854 203559 167551 138379 581443 25735 393156 735616 967803 1152568 535492 104906 1007410 1150813 298318 365678 1081449 127628 546921 519238 669703 1059747 751558 459112 775079 217487 177470 199003 979456 1031281 936643 1031281 303181 174283 670053 423371 280657 1139396 393051 263129 196517 942379 23052
830504 232623 850055 822559 849195 1241016 739403 608263 344474 47569 17647 408034 787106 1030863 1152554 553178 775576 233403 195630 225605 314760 787428 191840 1131844 1040705 123321 703948 1082158 854238 775095 1007408 179171 461009 979096 944367 594837 810798 219498 170202 1186093 424512 278786 772675 932161 113265 195828 568955 19150
831115 129306 327030 716802 753445 830199 324295 173833 337159 487615 122876 61980 648395 775876 706216 535744 1000016 310945 196055 235039 265460 622131 236355 682069 1040634 122103 1059741 1031419 877952 1153342 217624 168200 197571 579382 1030259 775770 1031420 384303 772093 648653 458877 281881 762348 166525 283281 195898 673151 25043
831196 292729 951438 410150 752342 831403 738895 574660 346294 489794 117927 321340 787288 1130862 1152900 535978 776218 252826 810460 234552 932706 1040572 176295 938626 882847 298737 1090689 915169 464758 775944 1123598 129260 334162 731988 648592 658103 1031397 303472 119466 1110210 422843 277202 1128713 931724 23501 249760 592463 13231
830473 328272 873812 659976 1087867 566359 738361 168628 301548 1016014 119307 393248 787801 1131472 1152605 535715 775241 938093 1030424 232586 182581 960516 109083 778269 1040678 92164 666357 587453 756297 776119 265293 1088146 327733 979906 76866 936508 1152286 342773 768114 646043 423456 201678 717081 932785 283335 195592 942516 14200
830262 178519 313124 98364 930052 563052 848206 170396 351063 721471 24862 393469 775703 775791 1152338 536518 775828 938054 302995 225876 220526 778605 129542 682202 187478 175713 714315 959620 738826 775209 225493 450112 199052 530698 1088271 776218 1100442 241157 456199 310850 423372 202691 761089 184642 783674 249565 592401 13676
25411 262338 775878 877815 713238 562459 782558 166096 346568 488243 24782 389285 787641 756286 1152956 535401 364528 325710 204862 207213 221521 608856 232057 775703 98112 206640 704742 787428 738387 776141 320452 173909 333938 823913 1031108 1148093 1030259 635657 176313 595356 423453 201562 1098446 932749 263532 196176 816807 13748
855433 113158 796123 44561 806772 529068 656379 170783 932212 488749 24908 393468 735111 1131573 1153615 734648 720933 233646 313530 241538 271548 1040977 23587 776166 519279 182364 704737 947558 456508 775800 1052284 128428 31954 901311 917457 924174 1030360 991186 179368 682627 423595 203267 716988 931917 211050 196375 1031431 18807
830576 231744 720567 100614 753075 1131322 294413 166244 223795 716642 25171 352885 786936 1070398 1030339 899763 413311 233429 923552 225819 295338 706862 232310 648899 94626 477509 704775 753432 739511 775721 217709 128782 488705 773729 1030376 735652 1030701 298246 622032 669350 424736 288848 762362 932799 225584 794608 569887 14985
930024 786745 312580 912398 753104 646346 295992 574598 286804 1092529 25693 393160 1049001 967627 1153466 536442 776251 777755 204758 226447 322200 1146278 231453 775599 97406 181750 665297 1154055 853115 775754 314896 174225 31988 824976 1059361 775763 1031061 235326 771065 332639 425124 202613 762285 175989 263324 195947 569235 22903
831232 262244 676982 1055324 806359 646226 738387 170647 350846 467092 112460 988600 786959 1152318 1153235 734848 112174 775649 204695 257902 225809 1042927 177168 802193 1041084 507481 1090080 1131406 460148 775094 226074 178238 334471 1146610 1237982 1130173 810355 343065 876232 334337 423899 203075 761273 932040 277398 204881 942125 14480
649357 232347 312982 98359 1087708 566694 738509 207924 1095820 788995 24710 184211 787546 1151939 1152448 899460 111570 937748 313689 282643 220305 967059 232554 997255 872797 101111 704150 246048 459357 776163 290128 12971 372946 979974 649452 225339 110964 343114 527896 806135 423483 203453 761367 165960 263913 195727 941563 15504
830353 129683 721430 564418 524085 566609 739008 1237381 300478 13394 25848 174871 787426 1131174 1152708 535845 778269 707023 1031145 231974 219456 1041175 494750 595616 1041146 124145 704031 1031237 739011 775544 220384 128813 334408 580251 1048185 775079 810460 204271 1132574 524303 425177 281832 717291 394037 232459 204438 592658 1084213
830537 113104 873528 98992 805917 563260 216930 170344 347797 487608 124239 988047 1058346 1130723 535511 536325 415977 470851 820933 241963 220384 518939 232347 937917 96511 292520 1059125 1031318 459350 775985 226068 128250 473023 900717 699531 775547 1030424 303565 179570 333160 424477 274252 586322 932662 279295 248920 1031314 1041011
830336 187116 796745 98604 524335 831053 447316 574437 348292 663817 25019 393582 587281 1030589 285013 899616 188280 1007548 314167 314709 1095323 1040634 128703 547399 519032 163967 703943 787329 456422 775881 1052508 174470 333962 979134 1161606 717650 110540 1120569 644228 1058280 422754 277004 716812 858233 263281 196696 568861 15221
831100 129772 874076 392210 806466 1152229 738568 171295 135275 1196334 123765 988057 786858 929134 535694 1152462 997073 251748 196270 234889 112352 399554 570884 908565 518739 160238 703871 886284 457180 775828 1149084 186673 335162 530960 1129582 775616 1154560 323841 567986 1087915 423603 282128 678071 691121 342546 290080 941702 13357
830720 178030 873920 1082488 602711 831230 203539 215051 418563 15811 25737 626503 735598 775690 536082 900059 762785 972543 196378 218953 202679 1040530 129638 1066420 519343 507342 681653 973118 860046 775149 214831 451156 198988 80390 635634 734944 101538 194783 179126 255706 248860 281170 796167 187755 105553 248729 1117156 24858
830858 822663 882443 153997 1088240 831084 1030570 210674 346844 393019 118015 393110 787208 776218 1153411 535473 106077 937874 196036 271563 111311 1007153 177465 426683 203175 182323 703995 916421 456497 775173 830202 129988 200265 979909 916979 535732 1031301 219509 956853 648669 423385 203989 1170759 932472 263063 196055 941780 22518
207213 826503 796999 99606 806077 830665 656776 171525 350746 698363 25047 393407 786745 1131718 957227 535271 721109 314812 196565 315783 931770 260075 177696 1154380 519271 1035862 1059498 797917 464405 775704 619973 128729 199369 530072 787690 933311 1031314 471736 567849 1100542 423702 207330 716967 393407 342171 196471 649054 25554
830585 130570 874401 158582 752338 563206 615904 171556 354736 742620 119131 988623 735227 775677 532092 535684 105674 937696 1088373 226891 321129 1041239 177893 1214308 900322 1171659 665579 1131469 459760 775188 1149376 128694 199186 900497 565779 735611 1030453 204179 565462 682202 422716 201995 761227 932256 279479 1125648 609751 25401
830562 126612 720771 751893 1087242 563639 738825 474809 932141 644594 14480 321921 837289 930047 536942 903907 775144 679069 313634 231776 322136 67126 19468 678580 1040702 298185 665994 1073809 459869 775983 1052059 11759 197246 1146493 916913 775878 1030613 376369 172898 669695 423182 721555 1121235 857024 1189457 336439 1237267 17232
661066 226193 1124795 161281 803290 830361 296236 863576 355882 28903 122201 389555 960516 909058 786961 859147 413570 310197 195960 231620 275280 968053 458236 775860 98035 505465 704363 1148054 459439 775317 1073036 603355 473646 753298 1154270 923837 21339 990676 179394 524121 423423 443201 717381 184204 283374 337910 762790 18870
831237 284172 1038928 665388 782467 563010 295369 165406 378253 119586 105760 393592 787043 929969 535741 1152592 424650 938060 204438 234269 315708 1130487 231800 533664 519038 670066 883196 793480 738877 776215 911558 174483 200066 530765 917232 787574 1154246 233639 1153067 524092 423808 196864 735321 858263 248772 313664 568790 14194
830711 311435 613319 98568 752606 831337 656854 186624 347013 92427 14626 392946 787543 892820 1152880 535307 649485 938710 249333 242181 990882 1007213 901193 908689 94501 470019 703998 810192 860722 775146 216548 177793 326457 586663 1152142 775738 22067 240793 1152763 229092 422757 202461 507882 932643 275645 204180 1124184 1064129
830361 381908 874626 158599 753093 830191 204070 167348 300680 572183 25012 393981 735127 776051 922894 535779 721170 253205 196283 234157 235035 1041146 232299 460505 518728 123679 1090451 544082 859819 775062 220963 129722 1054458 979326 1154674 775171 1031147 302636 120338 669794 423442 206840 762269 165851 206615 1277313 891992 25007
594919 312086 1123868 92998 807052 1030224 320098 12174 1096116 490544 25523 386617 787551 1131734 1152656 535711 111825 938558 290296 234060 321587 1239270 534998 427226 97314 122996 831301 1030950 459176 775566 1072961 603627 199959 530241 944741 937462 957917 343359 772309 914820 425218 206393 716913 854876 264135 195581 1030570 15047
830195 173608 678018 408671 806971 646780 293978 733891 345838 28275 25871 393833 786666 929614 719867 735498 107112 682184 314438 225005 214222 448606 178319 461090 518565 377082 704129 990912 738461 775670 1148433 189973 335961 505703 916547 698024 1030658 386418 1107825 1100240 423236 278238 716634 932001 340872 204216 10926 14745
830851 232511 636452 155511 602819 830766 203768 171972 300983 690839 24776 392827 734856 929620 535684 520516 412345 252245 204571 231598 272972 1040085 1127840 996653 1040844 182042 1059283 1030503 461257 775547 67102 959160 334563 979642 1153639 775094 732883 190274 1171743 1058107 424000 202553 1279015 393881 263186 867968 673663 14835
25476 267374 313032 162781 649059 1154406 295459 169865 932181 732197 118247 393936 1003787 1083667 1153119 822924 721372 335252 196396 226130 214831 651624 178270 551520 101940 184532 1060250 1131082 739349 775488 619949 451445 469417 530605 735111 775100 1031237 302756 598459 806394 423210 273461 716783 167577 282449 196241 569092 19467
455463 284108 873886 1036046 603657 831256 937801 166803 196751 483678 25495 389304 1048185 1031227 1152714 536140 721345 335191 302933 258540 322248 608210 129603 427072 6046 234031 666026 1151835 860122 776112 889975 405439 799478 123610 1154071 775245 1031287 964111 546606 1058525 424201 884643 717110 187636 263243 196755 592719 18295
25379 129796 966843 158724 719946 831160 919054 167289 358714 490700 117891 625988 787386 1131406 731580 536063 996677 938191 572258 225415 337080 1040385 177616 624211 518746 289352 835503 544184 739086 775380 1052782 129339 286375 605955 1153665 553782 1030461 288297 622728 670016 423812 380162 506467 165931 316042 195636 569218 13190
830439 128460 796929 159496 849377 604262 332330 186921 931778 1041110 123771 393190 787602 1131003 1152504 536034 928526 834544 303223 226390 932717 777701 129948 427748 518860 227497 1090467 1164180 459137 775256 1051845 167468 333971 505660 635291 776226 786984 235311 174470 669969 424861 202397 716880 691536 263940 204401 569899 14268
27579 286651 326474 410566 483616 830957 781494 762672 300630 92323 118678 393103 786802 563262 1152959 1237414 1152142 328177 1150622 220465 932327 1007304 177866 382073 291057 814645 703798 1031400 1121584 775167 402882 130225 331561 506083 929760 775818 1030746 242647 1171601 594884 425007 203325 581063 175167 264036 249179 1055875 14083
562615 283820 312470 157979 1240043 562444 1031420 170041 337910 479903 1095271 352631 787836 775710 872797 1041787 423015 937770 1030758 234826 270132 1040825 176694 433441 519434 218930 1090200 959702 860010 775905 216609 164582 334256 506493 916868 911116 1155972 365799 1152338 524129 423863 202360 717342 932492 282734 196529 569653 23255
25007 267565 721431 159216 1131532 830411 523604 166525 354618 476699 120383 392838 787603 543825 1153389 1153371 522558 335179 196552 235799 375846 1129331 820848 777865 97470 326559 1090996 845729 459254 776154 929760 520035 322951 506269 944816 1240144 1153905 190107 794987 669801 423906 215051 761391 175081 263812 196460 1154104 13157
25770 125679 721372 878468 806750 830208 1107238 175184 689857 1016716 25395 388236 787799 948103 535693 536413 1096872 938739 195774 227101 446258 623043 231974 938060 98260 523457 703661 946894 459634 776166 94669 450556 474393 935707 646891 911223 793810 240934 1142904 529996 422922 210674 716649 165163 312527 203470 942569 18957
831091 822867 796307 155322 1131129 831490 781981 170117 356279 489417 15649 988134 787408 948268 443625 535530 203859 937701 336439 244949 309888 247416 178630 661478 313413 1171941 1090973 544868 456920 1153097 1072442 173780 335029 782312 646276 1008770 1153945 14227 771818 1058678 424315 203013 505445 932732 210619 204366 454632 23176
1241212 128811 1038439 159350 805871 831238 1084845 169842 223899 489702 13940 388657 787728 1087377 535423 343365 105811 253188 1031397 236355 185189 778503 126057 138199 660087 293092 704481 753520 860274 775871 1052650 1036695 326710 774645 1154340 648931 1153917 204213 1083612 968946 424199 277339 873784 932006 210862 197081 592835 196472
831308 930813 312375 823467 712881 563162 657366 989421 223527 490522 15157 168171 787402 1131871 531788 535882 775690 937655 1151975 242638 991369 1040170 178677 635914 528405 121844 971306 810078 203196 776247 1071285 170559 294437 782263 649017 1142326 446009 294178 568571 1152785 423035 281348 506528 690990 213943 248860 941735 16696
570992 113312 940617 92069 753114 567215 738969 573973 223449 487696 25912 236498 787663 774967 757028 535236 111906 938737 1030602 234583 270775 1040705 178166 1098272 203479 745214 835501 794413 739075 775657 1071465 168197 1058049 908053 810791 754698 1030624 19507 957028 1058593 423715 794458 911636 393521 275132 324305 30014 19002
25468 232563 1038420 385258 806652 566682 781982 174040 336733 15805 123405 967860 1068785 929084 1152592 536038 111080 302542 285037 258187 266788 1040559 819956 778721 660308 122860 883351 1164642 382124 775759 763373 165978 197250 773807 690934 984481 1031098 742002 128783 806345 424996 553710 796090 165937 227572 249674 454665 15359
553848 128526 1038983 158616 848997 646493 656526 166353 344899 488792 19184 393859 735544 1151941 1152438 535404 594248 448296 820515 231877 690933 1040702 176190 468695 660703 115088 1090922 1030321 459438 775374 321605 173777 334076 979643 646571 774996 1030261 446258 622841 313590 423233 206327 761798 932511 341347 1125451 881324 14241
25108 270158 873784 160423 518018 563631 848955 186814 300776 742832 117980 392942 786998 838772 1152681 535741 566649 1007536 196460 235091 293559 787678 454308 258832 626844 547449 704637 1164482 354851 775037 227469 603032 333957 978832 1031096 775722 810775 310509 875106 314419 422803 884051 676982 393591 482241 1126663 1056588 14646
830671 113824 313217 834774 712403 562827 295858 175417 348506 468763 29034 988485 1241538 1131219 922453 670832 738304 911670 195978 205653 266530 622633 125376 1110731 518845 335575 1059354 959396 457825 776032 217363 648714 335775 782157 917502 804098 112482 343122 1131469 682462 422706 12565 716698 393815 341901 196315 234862 786720
1131763 178749 1002836 1176005 712549 563281 202979 130372 346048 716839 118063 392868 787286 1030349 535262 535239 413279 199686 314136 234557 1116820 967064 1098105 1098438 518702 907427 704717 646780 458076 776124 1052171 128953 199042 1146367 1150320 1153246 1154010 861019 593503 524727 423071 206795 716624 932409 476925 197246 568983 14401
24913 283433 312777 1106873 712696 830888 782143 171632 300480 16130 118688 393724 786890 1131536 1153221 536184 672247 937970 751688 234997 322185 1041202 126425 1143101 104378 523244 1090572 854296 739027 775342 1052267 129754 327855 1117279 1237943 793731 1153774 302076 175362 649100 424462 283026 499824 932789 341156 195917 630711 13214
831061 267191 636937 99699 713173 735603 657144 176161 377809 92689 118001 393804 787084 1154117 1153529 535512 1240917 938633 290015 226577 106328 1041046 495757 433816 10041 185582 1090909 1087237 460016 749819 1052728 174797 332681 1146558 1237623 671663 651731 342700 528344 980613 473258 263129 716538 165978 870662 196286 1031226 22600
198394 267261 874049 161323 523839 562602 782481 207698 354860 479485 124139 393554 1241112 1131555 334389 535719 563044 256045 1030932 232621 1095929 787327 176534 257753 1040085 226834 1090367 1152309 457558 775922 217142 1087867 488098 1146208 648753 774956 110685 363113 568678 682258 425215 283326 716716 386617 282647 717943 1055934 13982
25624 327986 874414 155126 752521 537502 739542 899576 223258 103291 14945 988269 787730 929331 536031 536268 18572 937743 602498 292186 278991 238504 231600 526086 290215 669533 883446 925986 860597 775404 219378 130108 334255 979271 1153644 735406 1030921 290930 992702 646555 423696 197392 1035816 858227 263327 197363 986497 25854
25245 263301 882858 162568 806137 735387 294101 173883 291056 1157220 25886 322236 735226 776251 1153525 536029 116447 316596 204696 338953 279737 387850 178072 776252 174533 258075 1059953 946948 739076 748842 619809 178055 334084 979529 565598 535315 1153670 204616 771723 670173 425022 210366 1171339 931645 366452 204639 593076 13797
830506 228716 312772 303456 1014203 1241892 292056 173637 347144 16444 118014 321992 700919 838538 1153055 535820 464840 988665 289978 234015 264603 253466 130406 682693 519433 226850 835390 1030549 505504 776156 217023 108692 362290 1123878 1153631 679487 1153869 303156 180031 726004 423682 442755 585939 931681 270690 212418 1149847 619608
930124 128421 636165 233110 805898 603866 294271 175955 354592 28102 20276 393034 787940 1151308 1153536 1152956 999473 1007871 534943 234041 208804 707020 820831 1170509 1058667 175617 529835 1080990 738672 775630 1086325 174279 327729 892422 566243 820074 1030212 13871 577033 682506 423217 196836 716354 932804 111246 1125948 234025 19128
1130731 313081 1142421 162987 1152785 830537 752974 174413 345266 899288 119260 352695 1131066 757423 535299 536424 111000 937922 195566 235132 315000 1040358 20414 1097984 342970 284679 703949 1030712 458414 775143 217149 11891 334395 570515 1237883 735001 1031068 235420 178909 1058087 423720 203547 897469 932554 732498 1072828 672947 23431
831080 283979 874423 410526 753455 1153682 739027 170955 354938 941863 17730 393304 1081449 991126 1152633 899790 775547 706569 249498 227134 321253 908497 128592 938787 519033 505535 1059112 810834 461096 775440 271779 128875 199277 1142734 917446 872348 252617 304192 767724 529993 423007 277471 1139380 932145 475121 204832 569005 13468
25474 128539 796801 98552 848659 529987 203452 167729 320204 963305 120429 387343 786917 977708 1153498 536439 106066 938003 809614 234318 225400 778071 170520 207540 97985 482865 1090311 751708 461581 775307 220756 167551 197089 657977 1154055 937205 809674 240772 1171941 682027 423061 207494 676848 932893 264049 195880 1055753 13421
595488 232459 677557 162794 752578 1241604 1031397 174544 932096 344393 25963 393527 623692 1131331 1032041 536412 830658 937679 248830 232128 236368 1070086 231818 1142313 660286 124268 1090217 1030602 739507 775041 268576 174703 200015 1116556 1030549 924185 1030699 15811 180022 670052 424606 811906 507924 187045 474831 249466 1124925 23509
505465 112948 721039 574947 524434 967627 739343 185952 285017 247204 25891 424712 787673 776215 1152328 1237113 928157 978540 303783 225915 243230 1041094 231907 52353 519487 1083394 714155 872533 457060 776050 1070830 128887 200434 1145952 917620 921747 1153646 242703 993314 523839 777866 283276 946570 175503 269150 196381 941576 406766
563553 173788 312096 245920 712527 881048 453711 166232 354875 15696 16984 393784 735321 1131704 1152858 1153405 515805 317160 204508 224903 645983 1041113 771311 908321 338152 92072 1060258 1131797 456843 775351 228461 1072367 322686 774610 1153885 700470 1154544 232068 179864 325582 424240 871674 717167 393159 341893 196194 1087891 13937
854837 265147 795750 659652 848727 996886 781776 1237414 622641 473250 120249 988742 734977 1131378 535298 960071 412948 372423 249472 240649 244432 1007655 418839 460162 170536 123183 991066 951251 457112 775593 1052355 129774 425815 579780 565871 309929 635663 349323 941214 669392 424483 469094 893722 932440 215051 204402 1056634 14784
25848 1152592 312583 403686 1118158 596052 848623 763570 354461 15676 16389 61145 1008220 968180 1153170 536331 999927 706510 313414 268523 476914 300796 787197 459747 92385 182488 1090444 946715 460758 775082 296762 128140 473382 939081 1154406 1060875 809672 13782 1062096 529291 424587 277918 657421 174942 210674 196233 592640 24732
751703 129173 1229855 153766 848607 563455 601644 488025 286496 457038 17850 173591 735431 930015 1153530 535617 567215 1007780 196222 232331 270851 352744 483614 457648 1033442 122245 703946 1154124 739151 775925 868383 817078 334536 518975 565861 671099 1030494 129107 167954 1149997 423486 203904 716834 166976 221454 196643 609946 13191
830873 113699 1134431 98366 782433 603989 202939 164554 300810 449718 25042 394036 794970 1130718 1153047 566878 412337 1007224 810661 234160 374736 236173 820091 138289 519176 298549 647029 947662 853910 775586 216494 129097 334359 900316 835292 735486 742383 357438 179465 325452 425240 200035 677057 855229 232280 204042 673134 18810
855184 228669 1237528 1082345 752819 880734 782138 166477 344371 995532 15904 393686 735683 775267 953413 536354 649345 938332 947497 231569 881145 787341 818880 938314 1040203 505703 704372 811524 459458 775204 689614 451126 333925 700470 944679 793226 1154067 320961 128694 649442 424258 202771 864124 932182 263377 204243 569108 13277
831297 265296 312461 303821 1107336 566166 295045 170364 336489 92578 25468 988139 822549 948341 1152891 899009 115900 938235 204844 340968 225816 238682 534537 652081 518624 1172282 1039339 1048398 460087 775295 216896 129474 196944 506764 809910 277922 1154652 220254 743264 682053 424187 206615 717203 932118 365860 249111 1055780 13649
830404 266517 1124859 886223 806512 536527 455522 170053 353044 472773 120207 394038 787727 930135 579088 1058667 237927 1007618 314010 225603 361393 777777 178042 988074 352425 787113 1059318 786969 739426 775176 216631 129273 334259 884699 945090 1058346 21897 320632 561394 595872 424899 342395 530502 173597 210779 313991 941655 14647
514832 112908 874503 410553 1088166 563120 781595 574525 323462 214854 118442 393396 787722 1130809 1152658 899654 423468 1116788 196491 215743 213480 1040469 130477 1129662 424430 123758 704269 786716 460851 775027 1137757 603603 472261 580321 1154125 734892 1030964 301880 178877 327136 422992 281993 717388 931752 283301 195750 610048 15085
830615 113933 1098379 796452 806521 563357 848682 734197 835318 92320 24859 988461 786908 1152238 478580 535491 743416 972933 1031376 234048 967747 288526 130234 533586 518357 123284 704871 1031397 859623 1152778 1052371 129152 488461 594189 916541 775221 1030978 476579 179171 126012 423003 282380 603356 393190 264040 203670 941885 18729
25275 341278 312034 100996 806911 734400 204086 645999 438888 1016452 22750 392673 736205 775770 1153248 536394 1170935 679158 196241 234285 225132 1007729 128140 434112 732262 123457 704638 1030381 859905 775099 216930 1071469 334482 1123185 691029 937036 1080990 1092080 874990 548788 423714 203427 795751 932081 210401 314597 1161269 15277
831416 228633 1237943 159121 929987 830572 616051 186130 932567 27382 123863 393309 734687 1149992 312068 535686 712569 608331 291020 271432 309916 686906 104760 775646 100436 907559 704120 1186308 457318 776041 225100 165817 334787 530507 1153934 301988 21678 991173 1153258 969179 425067 771343 716376 166138 315507 249537 763421 980294
854637 328593 775860 161124 713082 182382 752817 863814 622951 474402 118689 386868 787388 775860 1040971 535387 649530 1007213 694517 235151 226809 1040381 778137 778198 528269 124352 653335 997823 503014 776239 1007948 1060565 623341 608768 810003 723849 1155557 659211 179460 325610 425184 342402 586710 857774 365767 203618 592967 22617
25895 113625 721053 713258 806421 923415 203634 176157 318381 1066799 25652 418169 786648 929338 380887 900039 105451 1007872 314331 232362 699988 1040508 129692 433380 94971 988730 887078 603253 860730 775068 1071228 129531 199131 782528 1030365 923471 929944 19624 1084369 1185545 424208 197381 77250 393809 283365 244258 454308 13079
25262 266981 883335 160874 806522 646575 216758 170226 348745 418019 29206 394003 1035913 1131080 531811 960474 423386 1007861 900537 226101 284147 778081 231492 777660 519295 181145 1090250 751533 457021 775998 217510 128783 334754 889409 944557 948801 111315 225547 771673 682239 423477 283357 743920 1012702 199648 248830 1030613 18300
