731269 313326 309540 782398 1150320 840103 448543 782524 277282 265298 303639 203618 259930 918720 629774 968635 557109 248714 357398 330643 1041740 845376 1127384 266622 197253 691847 756295 222243 563887 1262403 337203 223617
839565 225224 955918 781766 646211 940792 448416 734528 940501 261357 900610 197460 565120 1067938 527731 377767 184073 233517 331461 337203 135029 265010 963428 283425 197081 691710 1070114 345632 319648 1261808 331313 917531
940227 344913 524170 781726 1150684 941090 9250 904630 523313 883531 1079467 331461 946991 290982 1069144 450241 1063471 292877 730729 330280 425586 221443 553010 213994 197363 691063 547486 348713 1032033 1261913 260001 364187
970611 224056 218640 866958 1164963 1131718 336265 917116 940231 522946 552176 203910 912468 333232 571936 217257 757133 239816 196341 284324 743290 261529 661291 266517 331948 615693 1142792 345023 444638 1262766 336165 290806
522756 290524 499474 730579 728355 602559 304465 522696 277229 1062006 859729 470761 944582 683292 506451 347548 585464 248219 712569 336265 217171 302617 541784 265296 362402 579297 989374 365707 460084 1262821 198840 288526
839380 356566 278436 998182 809672 940525 205046 940356 904630 840023 956583 306113 1131071 367678 1077686 496561 181578 328037 332121 308084 237855 374925 512631 278619 331313 650382 616140 349326 357398 1262543 331833 917434
523269 344890 552750 782286 1030704 602221 285279 567533 443722 1147152 997315 485791 912974 226723 1129884 228504 18906 380378 560599 330729 173849 284599 957772 279692 362879 650116 1142004 345050 105571 1262117 247956 917473
941239 290244 517722 941471 699534 940360 445173 1237464 940922 940210 61058 475658 565871 918895 1077332 229972 685089 337550 320755 670783 309274 215032 542718 275115 362398 691484 1142026 350062 586208 1262480 260251 917662
560100 1190122 963501 839793 991352 602244 186073 941239 940411 1062932 1055265 472123 564921 434792 789943 131333 18314 238988 602383 579818 730330 326571 542281 202679 203120 1125839 810923 363218 161199 1261818 198499 345309
842833 357487 606468 919037 734528 940885 286210 840178 451132 1149149 251685 485564 912128 439727 1021594 314798 184719 293122 523410 1262117 245217 294624 789476 275262 361754 815255 97514 345217 552236 1262049 197608 690612
839632 1070967 1256552 782312 648920 941096 448348 940418 202936 940380 230051 329082 929531 1118549 1068903 337150 386783 342410 205525 330337 660401 225514 964127 269710 587745 1262307 1143056 354279 499769 1262801 584722 1077146
601855 286320 907100 602170 646233 522590 290526 560795 445625 842531 1150913 295147 566035 345774 592298 338034 18418 318738 382422 328660 758063 262412 660034 284233 365369 899378 1008386 286607 789157 1262254 196381 916923
839857 285153 1051489 1106738 887109 998120 202948 522361 941117 560685 236512 198989 564973 227403 674148 297203 18686 304941 522647 318123 115837 482418 324399 264617 361766 649845 122868 291156 476395 1261970 584643 532396
940356 280385 970693 782575 1058258 522826 444734 841690 941191 870102 891591 472017 990675 735759 856566 290982 756936 333957 734528 264559 1224812 250667 1127167 307318 199750 1125497 650453 319832 1015223 1262871 496696 1083732
282247 197301 805439 1096712 957276 522720 344913 940182 448638 311336 1088210 248736 1154603 227417 900870 455887 182546 318320 866812 317499 609338 564376 1139502 267722 362825 536390 1249502 355557 18006 1262723 198251 287847
781623 326168 774797 522395 751338 941296 181048 940302 444356 261881 970910 273742 1131718 241872 572426 376324 176671 264546 998660 336880 672214 286527 963716 268843 199473 690708 704675 348804 552731 1261898 201209 300944
781786 287160 1026342 941290 838916 941265 443946 940754 941164 1119528 929418 472902 564902 659722 820582 249451 184447 301414 1107478 336690 672516 295997 1078507 276440 199556 580449 547536 345068 505548 1262641 491113 290229
739456 317268 932520 781570 884428 601295 184227 560434 919829 636383 259787 203021 307168 242777 1133367 302197 131423 885720 731266 329082 1063863 212608 667122 214934 488150 899669 571305 345905 480017 531476 496810 290215
602338 224012 1062979 842603 1030751 940219 444463 919172 940761 919437 471627 336375 1130841 326572 820483 348702 182541 253422 999163 284177 1277208 569689 1127316 209758 197513 996646 454668 342885 118014 1261955 334420 337774
940606 330216 1059707 1107088 1149798 560784 423886 866980 1162885 866591 325295 337199 1161989 170367 1074543 249290 938606 290119 496841 330780 968872 218639 1256936 270063 362754 1262215 815779 324436 317954 1262030 332140 222921
1111113 665387 955815 840105 1088271 523207 336919 1186093 940354 840170 760706 203897 290982 914448 587196 307198 18465 287708 940296 700870 250944 246711 570927 269130 199266 691492 1167355 260187 317684 1262477 491459 296913
919940 317404 956358 782035 911618 918197 436898 839968 866541 201591 1130257 203067 838036 1079881 587222 308789 181656 284368 203682 336834 557402 305814 783593 269420 201405 433771 955742 300680 797280 1262226 196730 917226
866564 434681 714779 782515 669689 559900 326946 940795 842646 969966 739276 203421 565512 847744 1223914 273054 1196969 329587 731502 330365 461280 246450 695545 316725 459704 649677 97149 345892 792718 1262142 487608 287258
559783 316004 829868 797921 1150235 940681 448391 940755 940489 1111012 1021059 469692 244306 1142474 1068453 315865 184416 203545 730908 297689 340606 363654 534047 262428 196851 691122 99982 324126 330982 1261805 260066 290759
451797 333971 984692 713092 809768 522649 303082 941292 940802 1119609 300274 203468 1130875 847252 1114479 302163 1021411 523293 195581 331155 612009 1141377 564358 305442 332323 1114010 1070407 344815 457140 671722 318107 204575
805451 283661 963631 842274 981331 839773 334571 782196 196471 1018243 1188339 473099 1162235 1118834 820735 251857 605837 295421 731238 209731 202349 299276 994325 275908 484490 1039796 414233 290454 289970 1262419 202851 301251
451264 317821 454986 1106845 1088368 1113109 346493 560812 336088 1119823 1076213 480539 564999 437874 1164029 445926 542212 350184 367817 317827 483474 318645 116414 308876 359321 691631 409630 196683 209814 1262413 198395 916441
940332 439141 773852 1106446 838939 895158 423129 1111289 919919 682174 1079539 202452 185662 846986 1068373 229566 229176 348726 497815 266648 774137 278813 550238 264627 362821 650533 939704 350524 564458 1261826 331900 314124
940910 434323 798312 940633 648720 514297 443616 916907 523293 842378 906972 472889 1030607 376324 505679 310134 175332 249191 195797 330884 900590 251265 786248 274654 362640 1132775 947760 366186 588063 1262728 259930 916529
365279 320719 1257412 731731 1031334 656380 446247 940411 601783 970874 891505 203128 1161250 531586 467 1224055 128454 329702 781976 330953 918327 204323 964056 213425 199054 1155202 546988 223495 105683 1262388 331429 300876
940254 445987 1140010 782697 673035 522476 217440 566243 940452 854188 892037 316218 204870 312724 790502 323538 22794 472249 265395 221155 1073863 494006 1019825 283509 362280 899192 1142980 300776 459825 1262545 197982 1151415
522743 330460 1252241 782708 917233 842207 446790 1162235 284177 940335 568386 488077 561311 348015 788883 319126 183742 295133 781960 899378 700378 239938 737900 305018 361645 650273 91262 330654 23002 1262914 203600 917628
781787 344891 786281 738370 649340 940951 187787 559823 601292 601453 58844 203713 315777 698776 374836 440362 185149 317651 805484 330727 632138 204669 541852 226222 484484 691816 940157 347925 319199 1262078 264539 323908
941115 326362 841987 840209 1152142 941379 356958 560025 866799 895712 1219301 202128 564996 443998 679365 377775 1127239 294828 358388 357597 44522 336609 1018955 262564 362750 756295 288883 357636 25688 1262277 340655 559418
840316 349820 804893 940634 649506 842403 181172 940423 601652 626541 815712 471059 561075 542692 1189744 284906 184577 349020 284846 344783 752026 22349 645031 275386 365279 651402 828780 287086 282156 1262642 329133 354673
940563 223242 584161 781486 742391 842459 326572 690612 840224 682255 735543 203363 809672 249443 1187916 326696 176614 325932 459691 344587 818475 295217 551252 262279 198983 859147 989334 345377 105410 1262307 497492 616249
782219 334389 269575 920059 880567 559922 443436 523322 266000 1119486 739572 471465 1078791 271833 502762 290310 184425 264381 297627 923669 942388 297300 258658 213907 484654 1142207 1070483 345240 118179 1262274 198737 349443
866975 290703 763185 522361 691212 963037 343040 522756 941171 731266 726021 306782 917298 180993 1022364 318796 1209164 331686 522505 265927 497427 354605 984980 304581 361908 691112 115400 355964 788230 579342 280142 300680
782515 320553 1126682 782126 699447 904759 173686 940907 919032 941174 651224 474897 565349 1099661 296063 285103 466140 1006269 941015 337054 174665 362330 1078364 284177 197059 995509 928700 357597 105613 1262524 318747 337561
522694 319815 9795 559944 1030339 522487 445013 940338 560041 265768 936406 199553 1153631 263128 590806 221969 182333 266116 941028 265251 573869 71434 552696 328736 255339 1004839 1117046 324488 1017780 1262375 336265 300429
866120 1072451 491540 601855 1084087 840373 184769 940809 904212 730970 1225117 203119 1131797 851131 552526 308223 1130188 265678 497521 280117 323544 319064 550731 300215 196917 690593 1116600 345266 331226 1261995 330088 288234
522458 284599 442695 919569 646397 601186 884920 940446 523281 1072357 572312 202461 565203 226734 672613 377535 18278 362522 283453 331074 837439 296152 275319 263183 362164 862120 1237168 345917 265256 1261941 332401 917249
842602 264791 773868 782219 1130253 522762 454913 940366 266369 1119765 937305 336850 1161496 857483 493 303407 183346 336592 497363 265266 608974 292717 748265 216103 203606 282906 1261820 434546 264508 580037 198573 787193
226251 284222 984512 998209 1150622 842428 443846 1065636 941208 1119033 868435 332243 1130070 326394 1035676 302155 15694 349820 1029185 319295 287712 233132 564818 308529 365150 700617 691710 319038 307388 1261696 203910 222243
226753 290362 445013 782642 872722 522967 312754 782449 842333 839110 1050804 337203 1048979 168312 1042163 120637 667223 287243 496696 336328 363065 499094 250277 205448 198360 861676 1262445 287160 218249 1262933 280694 917311
601639 222492 211280 1107395 648757 522415 10587 842207 601931 206866 537915 484748 1237766 169959 234178 330008 18834 312714 331203 317465 158036 293105 1139386 214853 198674 690720 827913 290829 309397 1262840 331604 349820
522395 1032207 774431 941030 564973 970247 176361 962812 1047706 271807 669796 488062 449745 377767 789157 310255 427861 220767 204700 295147 835878 51853 963415 215069 362715 596281 1035030 324568 459704 1261802 492287 857583
1119328 326242 715003 919817 1206226 757509 223597 774787 277469 1058311 939813 199473 1131424 1085238 499965 329729 19418 268452 523431 331299 624569 286737 1078824 302570 203934 1172644 540977 324454 319724 1262633 197647 302426
522647 1072186 590514 782391 647029 842833 221099 615804 920232 998743 763809 473223 1041441 207324 824334 287577 83405 345733 202963 338419 202019 325473 751870 279047 331362 571204 812348 336412 317873 1261677 651062 224085
969779 286814 523557 962703 1088305 1106354 455887 523498 782709 1030049 737989 203673 384561 456234 262 602017 844354 248166 523137 297657 338448 461358 670638 306487 335127 533995 1258121 260284 480682 1261700 332109 648570
560937 290549 346325 782142 1150364 656738 23947 522345 940983 998098 492558 203959 1131015 1059533 1068349 448391 874196 329929 839827 344921 308792 277233 517840 225515 201154 690995 477947 344948 136389 1262435 201060 287464
1013775 262522 906451 713146 649423 601743 290123 523150 602027 626038 341293 297632 563224 862884 608457 443365 1179746 331407 941143 332292 1127109 300735 889111 329300 364761 700581 1096999 286914 313487 1261821 331763 290982
969763 255012 1078152 804757 1087604 804426 180246 730729 940804 280117 787569 488450 342666 702518 1056092 868047 182581 267464 731261 222675 672504 426657 1256827 278774 202936 1143218 688717 349820 297627 1262037 197917 917668
919283 1006522 1257377 712899 648983 920006 217602 940720 731638 559959 822641 333867 1151137 301938 822856 215527 183224 218005 497599 329302 188448 345541 1257664 316342 332412 615876 1116997 223510 317658 1111743 318471 1141484
731513 303407 1127076 523269 1129637 523114 326168 522649 940794 523017 696707 483793 810134 316004 695361 309540 183370 334180 457582 296709 294998 301573 1248672 202393 203544 1126329 408273 210299 296719 1262322 197780 349092
305505 223474 320028 998873 1149841 919654 227417 602135 940703 332292 940076 470164 565447 444066 581864 271672 717511 491677 730866 330526 1201468 319232 837497 284568 362677 690784 871102 317821 480308 1262290 490576 324664
781570 326572 984362 919207 1031006 866827 128158 691474 523017 759921 232744 201591 1154107 440472 552842 286575 10939 203272 941194 691258 1183265 343508 1042918 316315 197689 691232 920673 345817 24337 1262605 330572 363719
805768 326125 591104 523149 1066580 842045 218023 842677 940525 542692 1117335 601821 1162123 434727 741920 689655 184654 239805 492412 336519 420977 261516 1256674 275011 361764 615584 97272 290849 276990 585607 330643 917259
454130 308830 556706 1028985 917360 559865 318796 782334 266622 196168 194234 154189 1175627 225108 993697 286884 182117 293502 307758 307689 905617 307668 534373 275247 198874 579877 520551 343373 105266 1262751 331682 916426
1106635 326791 1062239 656108 936806 1111236 345276 559838 940563 625786 1076088 252948 1161775 1118755 1076119 305032 184623 296442 731320 380739 1022930 460892 841256 232531 261064 1126587 1116966 238395 317634 1262659 228853 286674
940471 300944 273550 940417 649357 1106444 478911 601730 450261 1090709 1080227 480014 1237152 300070 209814 249632 182511 321290 356566 1262821 821188 30778 497625 214257 474867 650453 1052424 204355 670314 1262602 331816 916567
941265 320832 440164 560515 591032 805799 456117 940681 522335 1119743 229602 336839 221565 450457 974285 205772 15831 232713 497290 197193 1182791 239508 1257631 209492 361892 525255 1166140 343731 26201 1262075 198692 678955
523031 297066 1253601 1106812 916866 560730 184293 523114 601743 325518 1013385 203576 872533 1018856 555966 884720 169861 430008 203021 330769 334495 260023 1063151 302101 199378 547365 927170 376160 727303 535287 1058018 338164
782697 434201 988935 839821 857799 839519 280080 940945 280938 731888 856992 481329 565239 633405 558066 345467 16367 246355 355732 330421 586997 260991 1015803 213501 361639 1262185 1221611 323597 277620 1262648 624374 337927
1106691 272383 736804 656193 639235 782312 9961 842095 523114 202147 700470 202857 561099 1119363 1069128 1092420 531508 330480 358593 329329 816187 324159 926196 304941 367575 529987 786219 287256 1136582 1262721 198874 917360
805753 296472 785712 782157 1060766 730579 447245 804788 264559 840383 673371 940755 565906 451474 82107 309225 183358 295805 522371 264435 153932 338811 1108601 231744 362709 690691 655408 348195 22459 1261909 339432 344718
866140 296026 1062040 782321 771615 805162 227420 919578 523969 905339 1050840 491038 944142 443722 499701 326786 1188245 199610 497448 301437 787863 334540 542097 305822 331222 1132885 640948 314850 876983 1262056 925784 222478
606583 445684 791607 522691 1150522 656528 226487 782304 202963 905098 1109102 469679 810569 239029 571620 489752 181894 221968 354573 345757 974152 228858 698020 252395 1121998 615480 1005212 345397 320805 1262664 280063 285688
522930 325989 773742 781919 855104 1215324 213288 560360 940763 919167 816398 203934 912453 496539 1079487 690495 1100421 344527 280809 209690 79123 331424 551720 275360 476715 699705 918386 286244 788302 1262105 203768 290310
177995 223965 661828 738626 1151737 560788 444356 940792 805096 866980 518111 281129 176246 289429 936731 269628 1012868 212729 203910 324390 5601 363183 979332 275366 197579 678931 1262676 324578 429039 1262624 332145 291008
940862 313487 1065126 941465 916770 1188369 169983 839132 280809 782371 474334 279738 1161937 441240 1112872 311794 1144953 328953 358282 474393 690072 272446 218906 309076 273742 686975 655536 336733 266076 1173884 497004 221811
840103 301902 188062 560443 770856 919725 186219 522636 940615 1058053 1015180 328277 912709 1178028 824681 269575 18873 273801 357924 276213 610024 330595 1091194 315865 335205 885751 998927 317988 617871 1262506 280695 246944
225355 330219 984235 941239 1087382 560110 438200 842721 560789 682642 1075944 337526 308066 721343 210747 225468 181053 296656 970704 320420 284502 231204 291636 312491 197400 1171757 1262516 224092 497363 1262077 198553 290061
804935 445508 191581 712584 669402 940345 438021 941462 523137 681622 814748 180846 565401 831428 1120420 456868 584844 260001 497022 264791 799560 853501 957379 205319 363998 691021 827766 320869 716945 918164 328720 290429
941290 1156190 454240 738941 1084350 940333 312074 842746 559900 522636 518493 201520 917647 169957 221536 206163 185239 210813 839187 204174 1199700 342650 551926 278606 361992 524863 939047 355967 320755 1262516 682175 1266399
523286 423703 310134 522338 649452 753310 331364 839345 804860 736284 392361 481503 1031215 944331 788717 288593 840880 309401 357386 329587 304298 204203 1018827 278940 198989 699753 866587 284873 963690 1262038 198734 917580
453011 1073366 318483 1106608 670080 1119061 350147 967768 522602 280440 494774 297508 1237883 327915 1111813 215653 489323 136022 839834 297480 309128 277804 719016 261881 462558 690994 1062275 332630 177739 1262225 339907 286925
738346 157784 23728 781787 1152309 941326 285847 941282 271148 76138 233177 275288 228865 560217 516461 445287 1196348 225112 331737 1262345 720137 233160 550938 228821 197348 700372 960928 290890 329855 1262199 490334 917147
998766 153282 531339 940759 912979 941068 345332 1029185 302018 522262 324411 201994 565124 977259 927068 307169 185026 730239 496926 259650 1140139 251107 781431 227651 197216 1172585 635851 353717 295414 1262178 318675 300964
839990 217318 302219 842462 1150581 560192 217352 919095 445269 1026875 990000 332246 565598 205931 554860 308468 183667 248988 203783 1262078 784188 336222 224589 275243 491634 770143 989046 318397 1127009 1262000 332243 917233
738876 203712 837106 1013756 706586 842551 359266 560069 920003 1107039 553099 202740 561221 602615 1068730 445625 180093 338521 267884 296514 243206 825679 957019 307231 360204 691552 815828 317756 1022129 535713 329721 673035
969909 210054 1189454 919102 896074 940227 203346 1065762 841695 730595 906731 201507 566351 904477 771 303738 386677 259650 940955 279869 532876 240471 889493 277101 197691 1224468 1176827 260295 345920 1261960 198021 917570
940279 203829 602982 842359 897727 615804 336210 970797 940473 730581 63183 331457 1031151 1052932 785257 288050 18987 294405 285191 318223 1138603 315990 790032 279782 199117 1143026 97232 238568 307758 1262561 261608 917659
941381 327049 956581 919136 648925 522823 443448 839145 447624 1026558 502399 281259 1131744 349168 1077745 302743 963628 922827 940946 320529 926326 261809 564313 276809 355460 690912 1262766 355935 1092218 1262615 203364 362913
739078 286532 315757 782071 855127 522901 301184 939303 919095 1073102 1009308 202338 555191 349169 900960 899732 182889 301353 265055 225108 727176 475068 1140115 258730 197426 1127303 520622 330191 264785 1262824 317827 547097
839132 556208 186501 940479 565871 657219 334618 940946 450978 1029621 432203 485042 20873 938973 158726 324416 799513 232981 731533 336617 1234289 360614 963561 275184 199553 691465 1126554 317555 309136 1087359 239105 223549
867037 826066 531439 940830 881010 782467 445136 917147 805542 255885 560175 202202 912943 896136 1189579 286064 18814 381645 522827 204355 262759 272672 805741 275791 459733 1126060 410462 290622 1069221 1262329 329626 895801
805522 319609 315797 842079 1152109 920930 328640 839199 940919 919311 627629 275228 105882 1127524 697042 323462 19075 307038 195774 264408 30434 270724 1079185 307732 475023 691166 1185003 354064 459401 1262604 681182 222498
866666 286178 215766 1106959 1130464 940879 266487 1066146 1046510 202075 1040823 381730 565958 847190 571799 205203 286989 266566 496791 271003 1069352 285152 672681 309324 1070932 700282 928941 434463 698328 647853 485098 223468
941238 285644 188516 782304 597378 522582 439589 916683 601317 859576 579595 203650 1238142 1123089 771331 434727 113002 334623 919602 304441 495681 328958 551116 275288 203839 691189 1052364 347236 22131 630360 329329 349271
841986 300457 180246 840182 532617 919090 185506 560816 523429 941090 516929 475344 304088 290627 643769 237038 566345 250838 332000 318325 340124 280348 552181 307106 331338 536265 688159 349689 340308 1262549 203939 290945
919876 287238 342944 805706 561195 962833 333353 941290 352107 1119184 603163 282061 912114 297366 630417 205617 551812 305755 195550 319141 845932 269933 1257414 227587 362627 1262479 1148074 286696 870672 1262874 330061 290999
842959 331071 933871 522884 1055701 602133 26366 940887 919584 1111301 187057 196341 1149851 345023 1199124 210272 184404 126057 602088 297476 64101 250838 1019830 205645 331328 650832 1103198 330476 111384 1261730 792450 287345
842636 491803 964062 739387 604521 1137450 220704 639026 522630 941226 404527 202376 220200 434318 701407 450590 660401 331906 713640 279548 673602 271401 783832 268937 198692 579381 1117566 323562 106069 751194 330337 300777
731349 265937 774938 839232 649570 804808 26311 940735 941121 1120053 1005915 485260 646090 227203 253537 206060 182336 204184 1029254 330172 593342 196536 571228 263240 197846 1262142 828759 206522 250223 1262701 459706 287655
941429 283740 1257524 731702 810506 941168 128528 565120 962139 1119051 21355 202450 219249 550021 235218 349755 183858 313049 940366 320654 1280346 293022 497363 309374 198223 1132159 1116908 318325 251861 1261794 461465 1066769
970767 286774 964279 970047 898518 1131137 337317 320078 940916 285260 1050864 473235 456368 948802 731940 308474 911728 296831 721317 265766 302557 365304 671715 205033 361959 699775 814968 337825 336519 1262729 457257 285807
226634 329890 773954 782566 670266 523188 203267 700664 920088 626312 971537 196381 19792 293675 826 296193 184643 314112 866258 265311 1150099 262048 336448 213123 362408 1132107 97341 344783 459845 1262779 1091262 337969
805552 321014 842092 782414 670057 657011 177535 522885 284396 359911 736119 473003 752029 452745 993530 309398 929867 243936 601944 330384 723018 345397 790069 214368 201263 616566 899773 344587 330451 1261983 707612 916739
276253 312724 980408 866099 691599 940612 129940 638875 264381 335515 787603 473351 235532 797441 1133514 447624 699777 465176 497941 484013 82477 253055 1242872 275504 382422 650006 97985 337508 203119 1262841 336539 300447
