195797 975911 702586 240843 767791 1077834 796751 753846 439727 252808 720277 735387 544001 288526 746902 1069174 892856 881493 330140 270063 1131066 1023041 782311 292971 1128503 1151137 1154540 923054 1030863 384421 323462 362912 936508 999063 975681 1005803 546863 839646 957577 550835 1114231 1030863 544754 809672 820519 564297 838001 593076
472737 651256 703045 199635 677430 1150838 677057 978049 445081 254741 738597 734528 980757 290481 377767 1113251 627710 881324 502896 268856 735321 1134539 782607 259952 1128840 728744 1149960 1138673 849390 387664 290446 863659 936396 955399 733891 1214610 815747 999163 197513 553769 848826 1130762 805800 1082158 544303 1078743 597562 572340
494035 975534 703065 710750 704008 1154289 677585 948501 445956 276031 730748 1122170 727941 248860 548879 629774 1153428 519858 505535 228553 700915 505535 213692 383837 1128860 1237623 1236200 360869 802365 389268 220024 365279 937444 625778 646891 312575 548047 998182 1237214 580368 786152 519697 533665 912416 1055772 789945 974651 228456
200195 678778 1051409 243501 604213 197283 874180 978102 290982 384410 720583 846136 960746 314010 285279 837245 605463 881446 499621 280597 1124702 1022739 306502 252808 1129245 1030863 626422 1004546 740213 392227 290267 365336 787043 436966 646410 1035217 879808 782209 776218 542574 861259 1058346 976346 1030176 442253 697126 623504 228763
203656 616327 702562 259955 1091051 706534 1121395 233519 443365 257997 720167 846425 1063079 287464 735202 1113132 1077003 882048 507718 275260 1048185 681662 305391 211091 744563 1031397 1237678 587707 740624 401894 342872 363069 769801 605513 975098 1107723 879593 782596 886557 839594 848955 520265 805560 944748 117067 552390 627323 209170
336265 974796 725995 260241 1090541 263718 677012 328272 249443 224253 738383 846115 1145234 249472 555406 1077686 537345 881201 501901 262908 700372 985389 731345 245684 1128449 1030259 1161919 841035 607502 384413 616249 359341 1076269 919673 646312 187244 1149154 1107218 735616 1031681 860390 1048185 1029807 944741 609668 1257080 1038076 712889
335490 974806 702833 331660 704609 38327 540214 756290 266883 248305 739288 735603 543425 290215 1035776 502186 943571 881416 505934 200585 1071807 1022746 713004 226941 1128768 1237943 44629 975939 1114265 383864 267263 364032 937462 957422 566193 1051125 879161 712830 1237464 1103035 1127935 968066 805502 990340 1157223 1079329 529981 210302
199277 686969 703235 245089 604488 873102 966488 1126086 435047 389555 720273 735236 1098361 691952 377272 819175 937305 932833 500549 206018 1084535 505465 307116 329174 1128191 916860 1162061 39899 1114231 383915 343110 364812 1077146 878834 548979 632998 879570 940302 734467 1142349 853217 519989 805021 1242084 199686 840681 682110 207698
196769 616346 599311 333743 1059892 231772 505842 608731 303345 328660 720378 845860 980855 290026 285204 856526 1085359 881371 506609 262769 1083644 904234 243967 232878 743524 1154270 237762 793876 1170477 390545 186237 614801 937064 437779 646592 1122085 547885 782607 775905 1060043 861410 932183 804934 1131841 469617 841361 586703 1125897
335477 975999 702738 198638 874180 646849 506122 793581 444734 242398 720882 1068556 961576 204502 301938 1113353 1076213 1124774 506047 278918 787801 1023171 940227 197995 1100324 1237412 61583 837816 739857 388125 204305 363998 937267 991431 929868 707734 997145 840228 929057 635746 854141 846136 805451 1154467 313155 841560 978157 494939
335115 624209 1111162 243479 1090887 699403 1002211 770269 448391 197973 738632 855189 1064873 343110 262230 1257733 605419 1034788 329278 215620 657791 725884 231276 197757 744754 1154540 1196437 942377 688147 388012 185672 709596 1075938 630945 646007 726801 903343 940210 566739 682795 1127233 1058613 602198 911979 599114 1111592 530953 528327
262208 1004445 905121 328610 1090886 214853 677795 793838 131721 233652 798080 595060 717572 267263 177076 527731 629720 881501 507256 266622 1072828 985341 309160 235468 1128689 1162123 158825 534310 1170524 387761 338569 359723 787087 652001 528973 1061826 547592 999148 1237506 244689 1114828 1239297 1119053 1131414 12083 1078721 966282 839093
196917 678595 703359 259892 893214 883983 677914 125807 443890 198399 712889 846145 1065084 204243 1214295 820483 698114 881631 506496 262354 787428 625779 265668 659282 743638 1151273 1160623 660392 654834 396659 185426 457318 937338 805683 975892 748454 997148 522338 735245 540328 854087 519963 841992 1112702 312786 1078429 613202 1055610
286737 1038964 702730 292056 677880 869691 502757 977976 443600 339300 730579 831084 1065129 204649 378442 792057 962154 882337 499717 210341 1084350 830958 316717 259391 1128920 1030562 778257 864701 1030538 384010 290982 362502 787106 46038 646392 946331 615932 940593 197348 860721 848475 1087264 1119877 771752 1176137 564492 759940 884003
196232 653355 703467 362033 703614 275319 505371 1166013 444423 540060 739075 846456 961580 196299 377499 587196 971202 881534 438406 266517 787628 747064 782398 383873 1129301 1161606 258951 856781 848409 388650 308870 363704 1080784 48624 647029 1061743 616245 940809 775983 614359 1127186 535778 781681 646393 886626 697563 753667 673176
202855 1081684 703574 330496 676868 713862 539114 757419 307169 235326 731314 845696 1145310 595005 718680 554660 628364 1098864 505371 265296 871852 623882 305196 198782 1128415 990158 1138886 783830 802572 93065 317344 614957 735490 803786 997873 667983 727633 601236 1141115 795397 571333 547011 998844 1131022 312940 1139670 1038457 1029697
204366 687588 702987 284679 677057 646342 676215 98146 308468 341317 721069 563260 1064441 290806 317802 1073084 798089 881691 349280 300014 1083597 681352 304823 289042 1128331 1030577 246784 783266 739664 384185 186149 364087 787336 220588 972439 594959 879649 842789 248920 1020113 848973 1131137 977379 872329 947771 1257585 682037 671575
334139 1038631 703013 259830 704124 884298 677947 657802 255012 455269 798202 831115 767582 352338 785518 552665 1220700 677590 501839 269510 871674 1062039 261912 247657 1128853 912711 539036 626381 802346 387667 302427 363905 795736 310412 646276 1127770 547990 1029185 325183 728828 848977 810834 941272 908280 943785 586813 1116853 209818
284837 975279 702806 238350 636153 646249 966799 948732 445173 261414 738753 1162389 961186 300746 456281 837711 536551 881871 451063 281532 1172110 680687 712741 198692 851950 916868 565555 360534 1170297 402584 323670 359731 1083863 904980 646851 314043 744514 1119164 1129755 1148778 849479 1240011 617309 912453 474672 550714 514780 1136227
291013 623708 703229 259391 703623 646660 539526 260205 444164 198307 797606 1161287 1064682 314428 879799 789112 983341 882027 502160 268902 786666 579161 299733 293598 1129076 1030224 1114137 841934 1114394 383708 302756 360103 936351 746677 646035 707405 732397 781919 204742 108975 853524 1239862 539345 912906 876550 551978 1008867 495868
196491 882270 904829 251086 1059741 1154401 505535 734190 353480 330433 739408 734648 543820 303472 497445 160707 1055376 881850 270551 265915 702187 703200 207615 340010 1128352 1031153 852405 626622 1030570 387710 321116 359639 937519 560553 976072 698468 879472 839557 735295 1149921 605491 1148234 998425 1237315 820757 840574 911601 720050
203582 882858 703531 200244 703790 706834 677047 936936 347548 261722 720186 562444 951276 195591 285919 658789 1054465 881858 506543 304731 871509 966486 249921 36216 744242 854452 616461 769793 1042608 388655 186144 363438 937419 878788 908554 932120 547975 840335 566363 782955 853997 787229 560563 946991 312527 1078206 951236 1070947
485098 616531 904691 245721 704792 215189 506047 1005561 226011 207403 999163 854954 961052 303434 284928 1077753 723405 882077 505368 267722 912711 626054 307573 259809 743632 1153885 360753 1037078 802940 387323 288526 365150 1084401 905064 1149955 1051325 547012 839632 775860 1082316 848539 648653 963049 646211 312776 698020 1124300 441332
285191 653041 702447 198417 703962 1077824 676863 794073 495614 280628 735783 846075 1065182 307079 459908 506451 931276 881154 505870 329770 1130763 681797 919818 1092196 1128703 916990 233114 782881 606832 384188 204327 1121944 937018 1082691 751763 1180573 805336 940549 197216 535636 853607 947969 523498 1130841 233110 820403 1280285 272751
497333 615705 904636 292971 704021 1154622 282932 506200 348620 276559 731117 854643 1065402 337969 497567 1127174 837929 881950 55060 276387 1154127 584107 231237 242334 676388 945235 1237839 772456 1116438 402075 186372 974374 786959 656404 1131058 584712 1137673 840103 775754 1050829 848206 113937 1046602 846659 157241 818706 682221 644171
195879 687378 1051057 201004 604631 546986 874757 1083040 440472 280364 730488 846233 961198 323670 728173 1113060 594672 882307 217669 202588 1084401 681500 998448 540060 882022 1229855 1161563 1012597 739609 387789 273529 364342 735227 437533 646815 653795 878912 839107 735018 984477 570992 947556 842196 944395 475451 541963 1002672 478927
203897 882247 702668 207498 704572 838337 677826 235626 481876 248330 739456 846501 960759 249224 496761 1068781 938931 555825 505465 271693 786652 682275 308363 280236 676940 1030349 947464 69679 929540 386493 302021 1122297 787543 342664 646493 1242034 879534 560793 536330 700334 848586 566739 545279 646749 475654 551004 1004992 592431
333792 787023 703156 202571 1089894 1078089 1002863 855120 443593 206194 720453 846383 961236 290983 893874 661800 1076091 881705 501795 279782 958200 681231 230886 261476 1128122 916843 432373 605169 842917 389396 290627 426022 834844 757405 975241 943404 932430 840260 775348 769976 853103 946848 1107088 1153926 926147 1127712 966585 730324
223181 1072602 702781 425336 703729 669641 676786 281153 440769 315952 713573 845965 1100442 290849 780398 1113802 664570 1038928 506318 269996 929750 867158 269526 328583 743668 1150244 37193 783226 1042828 387340 185662 362642 937540 623160 817588 1122755 1152633 601601 197276 849137 848501 932506 841900 1131082 894961 552933 682004 515191
25171 613756 1050457 259130 703798 880313 796312 259956 349080 259391 731401 1240093 543434 249674 285441 1054381 756324 881438 217903 262338 871036 1023595 214820 245877 1038758 810791 1236165 527442 999905 408848 314062 259930 936476 225689 646071 558782 639759 839236 734792 525379 853860 518936 602371 1150294 485987 1257666 766633 572659
357752 653211 702657 295133 1059172 316883 676455 794087 377767 197950 622647 646572 616697 290591 948591 1112872 856992 882080 328954 281389 612552 682037 230281 340959 743622 809910 872917 1138034 786186 402489 185506 364105 937363 601520 646597 943469 903741 842835 197363 542957 848790 519650 839565 1082913 564032 841025 7352 512123
472258 1124255 904560 258075 677781 248184 506496 330070 690495 388093 665588 1241946 767915 301251 960612 824334 670653 881387 378854 199119 794676 626298 304585 238339 881824 1030227 929495 1072923 739745 384261 319052 458389 1084079 310416 647015 1135528 903033 523076 199547 525574 1114140 947558 289223 1154442 792519 964120 863727 659309
496841 623785 1050814 1063782 704300 309111 677430 281975 269230 246182 730732 735052 961254 314030 1012270 792322 1054387 639260 248642 227920 787759 681921 307457 234979 743866 691029 1160020 787474 803139 400426 185909 457561 936860 314556 974973 735918 547651 839611 566725 786961 853626 520471 559956 1112025 312614 1139518 1038207 721197
460449 727383 731304 15811 1059310 820933 852320 658015 442968 235289 1110442 735141 544222 324126 497662 572535 723972 863540 348147 209463 1153246 787865 919720 238043 1128348 1077146 303368 573113 570089 389248 185728 363712 936573 924090 649360 1161693 682001 940454 199133 1114763 1127197 520556 1178036 1130888 655513 218906 991530 1078422
325749 652986 1050453 331332 811774 243865 226990 1161186 445951 224407 739512 734880 1064394 247316 633381 1007450 687644 881331 505801 206080 612281 519248 304731 256070 744654 1154125 219997 218608 853220 97041 170625 361298 1076026 1119929 563595 729052 862933 839291 199553 809628 605551 690868 522262 818538 563954 1078572 948085 526971
203734 975237 702287 329488 827108 880437 848349 700984 441868 59646 735896 694917 1065510 291156 286384 163264 972146 881541 345795 211660 700630 680699 712655 291403 743537 1153631 728744 529617 849398 410015 343163 361078 948801 746868 975602 766744 1238724 842428 775981 1102553 849397 912824 522647 821049 789161 267279 1116751 716633
457412 1125104 1050907 276050 569337 810395 652782 260328 440412 242647 693951 1240379 724574 323467 377386 881288 1104298 881545 506479 261750 1083748 1058308 227585 339775 744594 1031141 1190135 679924 1087238 384309 324295 363779 937442 437181 537424 1124780 615624 969872 648653 1228723 786580 947733 602088 923847 983052 564382 816323 572342
239431 1005327 702950 330910 652925 819814 699548 877183 440398 253234 738389 1240350 960643 300952 284872 556827 1175722 882246 499718 275126 1130955 1062827 712395 198135 881903 810037 539705 620179 810834 101811 306296 457650 1076173 877801 818256 209639 903511 782642 313451 811904 848358 1130763 805693 1131797 380465 541784 951350 1172791
285988 975261 703170 239112 704026 810376 505719 237899 496539 248166 738502 647465 724447 290370 291185 1257315 1178640 882335 221878 281948 1037955 681536 214227 257971 744275 1237883 1164408 402879 1115156 388420 301863 363002 936810 919614 567228 1031299 1221572 840287 775690 747190 860088 787728 866120 911887 1072411 840416 682212 713573
284852 975700 702858 259405 677999 212528 677440 330909 440643 293482 711543 648789 724239 204383 1012627 942272 605653 1012646 440984 265398 787206 703065 304546 197760 1128092 1153845 233478 789945 861969 383740 276253 359939 735409 656508 1280155 943680 610425 1046525 735111 986317 853941 706442 977001 1149837 313063 841432 707253 212734
197400 956138 1051055 331076 604291 525812 676851 787343 444911 281079 866282 1224310 1011650 254628 1006077 661882 540394 881672 64690 261867 930110 940429 204168 260415 1148640 593681 141090 251975 806705 391208 219521 360204 937302 839299 649344 502833 547560 940444 776094 898256 1127441 547902 842746 838084 470578 590577 767140 731257
492949 616403 904273 293708 768143 782769 540328 292971 441415 260331 731081 831311 1064779 313413 285728 942023 605818 882306 337159 262439 594627 159617 782619 242593 743652 1149851 303860 1256961 853309 389342 204507 361639 793731 747070 908110 668847 879807 782375 775858 741611 848465 846403 998382 809671 312787 1256674 950656 674128
203050 616484 703004 199400 704305 231663 854155 756483 441283 206805 739235 1165883 506292 254823 1233793 837526 855043 655466 499860 266843 616560 1023391 713272 198638 743920 1237979 645553 1189342 1115022 400366 204742 361435 937082 955239 834100 1051415 547267 998209 566629 811447 859684 1080784 560684 990597 757106 964127 1162297 771246
334245 881574 702973 197995 1059934 214504 676868 97480 440451 258376 720361 846321 1116531 204494 917191 1054494 868435 874125 502214 210674 1071798 652934 244009 1187916 710695 565103 1088063 1082101 785537 397644 324600 362821 659782 922060 811637 943272 1101730 1120015 775354 770367 606177 1087511 601854 923389 1202001 552810 1022113 870476
196396 882443 702671 332773 767577 982414 505787 697139 439191 312786 731269 1239869 1064321 300667 1232937 1077745 1097124 921081 216189 215051 1124555 864600 998209 1189744 1086840 565145 33500 902060 577207 1138462 320204 359300 936552 231757 758219 1050863 881099 998666 939303 750279 786412 845680 940607 1153713 783828 781302 717662 571416
490251 1009930 726619 329881 1059100 1153709 652834 280288 439882 352824 712704 1161935 560068 290685 1197520 1054726 1169059 881833 502475 265580 691710 830243 249687 248004 743470 1150118 1162008 972154 786527 383790 365028 1121998 787208 972347 975321 786706 903608 1119953 1238130 358991 605938 521816 801460 912000 312461 1139724 766519 208687
296236 626209 703344 291280 852839 1077881 874485 978960 450241 330940 736138 657882 1064467 363635 657642 514059 1084969 1052514 506473 312086 1070795 997620 308873 198784 1038900 270891 878556 679929 718636 97674 290310 364199 937035 324110 818300 906259 547399 839519 535926 542589 1126805 1188045 866746 635634 563671 1078244 531166 970702
487794 975874 1051290 330922 1002594 547208 505688 328979 450318 774514 1106340 830199 961275 343227 285520 581864 1176042 881831 220778 228266 616346 1061678 712599 237127 1128593 944142 1230389 314488 718806 384089 302960 363053 562004 266735 880910 1206571 903038 970157 335621 815115 853684 947351 1119426 886580 312779 1138252 682663 130807
233213 1003578 904598 331164 703592 232172 505977 257440 444497 197846 731148 734688 1065069 323677 286700 1077377 696475 656769 1210 264684 1153633 1058140 230498 245364 1128324 1129582 259515 263851 549638 384933 349326 359852 795581 616066 898552 1205494 546975 940898 491634 1207618 1127633 1054261 932482 529176 491123 1033208 876785 900192
311510 1086265 726546 328933 703869 809742 505657 757304 452628 383870 1109173 845805 961412 324488 238190 870532 754589 881785 330068 214853 1038097 1135228 781775 389555 1129298 991537 1153840 544813 1043453 900168 180358 364137 911174 982928 646749 1013253 1058089 1119554 475625 1257221 1127598 535695 1119301 1239721 788464 964227 948711 496256
24385 974915 598879 345838 704647 1113622 322236 506391 205046 291756 739339 1239693 1064853 424203 284714 994048 749137 740890 225206 228036 1131468 1048718 249498 248491 744180 917289 44584 359997 570964 400143 300573 360801 936833 747305 817380 997744 878673 963027 1155636 1032704 860395 536002 1120015 839062 993947 964333 1155613 586798
24474 1140803 703147 259809 677965 598452 874684 260378 439589 96020 899122 988849 1065288 304016 285847 590806 1085059 881677 500029 228110 794673 681358 277431 210299 1038928 1237637 113109 840316 517931 384247 215892 360072 1083472 919062 647848 501688 1207051 1119777 196917 925723 605180 671066 841899 565951 323045 564814 530787 472037
203373 1161108 703494 248601 703966 597425 677616 898296 302155 246002 739294 967627 961353 204839 322151 1113833 721303 1172559 500394 243411 786961 1124255 730994 197922 1128525 944367 1185441 213177 1043297 389555 259930 363204 1083835 1119830 818159 668916 903831 731401 735072 1088204 1126967 1006946 919854 1154125 1078407 1034040 624022 993395
299525 975661 703328 332370 1090807 782786 739483 953882 885689 206566 731495 1037401 961450 290999 286344 1036565 25818 1051645 212753 212787 1131082 986320 229746 198021 676406 1161942 826942 783644 1042733 384483 324329 425396 936834 440984 1280200 955610 546871 1119692 199750 848521 861089 1154104 712551 923213 514733 552674 974622 644354
327937 1025943 1051345 216567 767751 873352 796828 530683 286884 254637 849122 647446 960578 315670 497704 1113551 1155504 1052268 505364 209590 1069647 681663 313402 292912 882003 566036 465817 1082253 740656 389771 301994 364995 1083515 879959 1152109 549109 815590 940500 1058613 290384 854367 519919 522696 1148234 442413 1079256 938781 494754
489594 1004276 702885 216804 796312 308427 310684 126966 301938 281384 1107544 566257 960789 285216 158756 820995 554909 1210527 437986 256197 1124389 682351 313741 384410 1128552 917262 798161 44950 802290 389915 301731 363827 544112 453607 975085 981463 610550 782697 1160739 1212746 859899 1087376 866812 838198 564172 1076841 790463 571829
290849 698279 703244 330157 1060341 646549 676718 723561 206060 231546 721448 1061646 805671 301994 285045 874241 805721 853878 506604 270158 794147 681197 1106848 341274 1128710 1238142 672135 955399 739881 393747 349789 363510 787603 561028 752153 943890 687731 713049 648931 793454 853421 1060167 866408 1150307 474824 963428 1039983 899470
472910 616539 703406 329663 768196 202613 676848 787664 448365 389755 1106662 734551 1064602 249451 1102798 790502 770295 687423 501887 270379 1038978 1062553 713363 244409 836518 1073682 243535 1074536 802271 386531 302615 359379 594201 919616 818240 703550 903778 522900 877284 787427 854371 519875 804622 923596 475104 585910 817118 468220
249639 633594 1051017 341452 1211728 598260 234018 607729 442360 383873 935354 649560 1065062 314188 669851 893724 1107448 218930 276950 199823 1131469 682195 249974 258883 744345 714669 989140 1078382 803130 394907 204476 362895 1104102 605669 810210 983425 1118761 1119180 775576 798960 961910 546911 602278 647666 475107 1077332 865800 208817
1092080 624044 1050358 236787 604917 704063 505364 338943 285608 340187 1106789 846767 542984 287847 200165 821066 977858 881992 437533 208862 758008 577982 713599 479165 1151901 1030375 1058314 886624 739690 94501 691952 363396 733987 919999 897727 653725 903586 713536 775306 1086002 849017 646211 1119630 944671 820720 542121 971682 502922
204571 975153 703389 479674 1090552 870732 1002823 541770 445421 61021 730745 1240693 1064858 285901 1009914 1161017 911162 668660 231133 261912 1072676 1023456 919809 277980 1128624 917074 240058 941582 739321 389755 204502 568804 543059 442612 647793 969423 973837 941078 734422 620466 854127 815595 561034 751338 830772 984964 951181 1135762
286807 882744 702302 200089 1059527 460360 1038764 1146744 439715 384806 739158 562668 960947 196055 1019591 1079264 473609 881435 323557 209810 786984 1140897 249492 312979 1129121 917360 1036748 782898 785427 97105 323861 965771 936388 805457 929760 926288 1036764 713168 335783 1197455 853517 519655 804738 912894 277434 697937 1100781 624487
335205 687753 703497 329740 883196 592245 499718 977659 131024 235833 720183 594766 961424 204327 554376 1113152 723093 932001 954 227582 787208 681917 712948 342598 743530 1030376 1195896 754965 740364 384388 301876 365234 937329 919577 646041 512676 879954 919650 1054818 558523 1114656 691642 940755 657396 475341 780217 948759 742840
203733 1125406 905082 207034 767589 1154010 747228 936472 495571 251871 839540 1187419 725120 249857 437727 1134169 1085859 650010 278759 266803 528687 1167310 1106367 202366 1128515 916529 565120 206018 848804 387703 349156 363740 936643 656454 975592 1147933 525056 1120044 567140 810968 773884 735111 1119363 917241 303561 571946 938792 130781
224048 975770 702341 239149 704427 315535 676949 174540 444502 53304 720452 1122220 543489 354583 698946 741920 1175394 1125123 443415 269114 1038235 904618 306783 522947 744656 1161775 1163927 783601 718040 386409 310070 361479 699757 954154 818371 1136269 547737 731724 1058346 794135 848727 1059802 804824 1131174 1190460 553209 758381 884639
362169 1112292 702424 275300 1090459 213833 677476 311112 290540 293297 664857 1240161 543750 288297 662663 1077332 1004479 932363 279404 265629 699908 681038 1107218 53087 1128285 1031400 569778 4742 606561 384872 186240 359997 734872 623139 528894 153096 879184 940766 197579 860325 854379 1031397 854300 924019 312747 819144 651740 839890
331427 510727 702456 259677 675740 884130 676685 243063 309540 340939 1110927 997696 1064533 300810 1233173 513634 770935 231337 73 275997 1084507 652942 227777 259783 743870 1030950 200888 845528 607109 408671 305889 587745 787078 437402 975548 526985 799405 712655 775267 1176253 570792 520909 804733 1030626 828025 964110 975149 712384
334255 1124830 703320 329878 676455 909032 297819 716550 442311 398245 1046939 669282 961795 602498 1191324 1035659 1054679 920801 349846 269526 1031416 1023267 848405 293509 1128538 1088271 1193213 1257605 1043455 387687 348878 359640 937205 605960 677421 729557 546890 904595 1238065 1109673 849351 1240312 842327 1240936 484748 609053 1048897 514370
490359 511368 703374 329174 677611 1154163 1053509 317500 377973 258253 1114709 333739 980994 285114 442968 856376 297447 881295 220763 316812 1083969 681095 248946 260689 851836 1161943 911924 359510 1043657 391644 324209 359440 594436 525879 990993 942805 691294 999063 734637 1140743 861844 1037139 615994 846615 1114435 1035889 860226 572397
204333 653472 702734 257997 703652 308376 874612 743281 445926 258883 736749 830249 1126184 314351 1141744 1078548 892872 881196 506625 262279 1083843 681400 310131 253830 915106 929540 1237412 511805 740560 401943 347573 362368 937503 842853 975120 692226 547475 941008 325228 614581 848491 735332 545519 1153670 563971 1257286 873694 587161
203721 511073 905000 379758 704811 1030987 298448 757129 439141 237197 1029697 1239678 960790 338640 1149062 1068279 1104177 386707 257997 1091998 936834 1061708 230846 293360 1129058 809795 842156 197661 570747 97498 186125 363688 908210 57656 969128 548574 615659 840167 535915 793715 854373 787663 713557 944683 339140 963574 594468 527453
119172 975002 904597 331454 703855 308614 675740 735789 228504 522672 721053 648128 543081 284998 206881 608967 1076392 881795 138013 206234 1084103 905438 230634 238980 743602 1030624 1154358 992227 739863 384449 323407 365008 735157 919734 830517 846086 1058878 1119420 587281 1034391 848804 1195777 583309 944411 1007555 964246 948609 527965
492201 620347 702483 217536 676954 277036 133420 977925 266522 284679 66396 1182970 960855 338344 207893 1113314 653442 466140 499955 314623 872119 681228 310177 388380 685537 1131841 1161746 842975 928462 388309 170041 348804 786641 656393 709830 764666 547743 1119452 199473 941695 853453 1087708 560744 1081979 475505 789414 707060 738872
237844 965973 702794 258027 696494 912491 505801 972347 442313 1072389 720853 734990 543692 255158 830896 1022364 555393 691410 505657 277109 1084441 102344 275754 210715 1129225 646745 826872 886126 802108 394908 689585 364029 700597 310834 830363 707689 615577 731435 536209 854157 605601 604595 805382 1030184 1220328 1032626 1021299 496029
459839 883040 904573 203149 1059647 1154048 677456 1138886 450179 198347 1109202 846440 1064293 300571 1239906 788602 971475 650698 348750 261814 917610 1062893 315823 329931 744623 1076269 1005129 926663 607243 384223 317669 456422 936561 920003 908780 1279853 903269 1106634 1016679 1042023 1127972 698788 805711 1131223 883624 587661 1082012 1125657
203980 616885 1111073 200702 1059221 752182 860688 77297 1114234 384312 739369 1122376 1084443 300775 849994 1077984 936426 1171458 345947 262252 937329 681129 920004 292536 835451 1162092 1206088 941893 606542 389742 320627 359593 910519 757263 968461 946201 547646 1119304 313457 860261 859598 1202604 602289 1030863 341133 1019585 597434 228616
293978 616728 703066 319351 703704 912413 736726 716988 446639 289706 730761 1230429 767493 323635 285349 610015 804895 951731 283686 228148 589739 681621 230236 259040 836242 1161492 1181891 781416 848249 398753 302822 459733 936633 1046971 626333 996332 1069664 940608 1026411 971467 1114239 535915 559893 1030238 531777 564313 1124911 587789
472217 1081994 1110891 328569 1211666 240930 675982 697945 496205 261089 721228 564917 961471 291050 667647 780739 537915 921000 502166 262004 871325 681424 305374 283116 676954 1237238 557591 966969 786160 409708 285817 360884 787860 385013 897753 944034 1152548 840384 734901 1244736 848705 947878 998048 735610 489403 1244102 882803 509262
196540 698025 703461 237995 704421 215387 506236 766073 270667 198860 739225 794381 1065237 290012 686440 993697 1175697 1075283 344673 272491 1083729 1119756 317160 250645 881781 1087238 1183010 569359 803083 384769 169670 366947 908512 343173 648489 902018 996901 998873 657882 937333 848732 947858 839571 1162228 610241 534585 816175 953990
203452 873481 904533 330068 677127 838907 796338 812116 130823 293022 1150516 846210 961726 195978 1123081 253537 606179 1038355 446599 275909 673302 682314 230426 246711 1128279 565907 565124 841919 607052 410454 251127 584035 936802 575028 645999 1039815 1228373 998844 587409 936860 853210 546955 842618 1150471 312580 841321 915201 1114016
331767 881613 702434 276830 703631 809634 773706 1045926 345276 272103 721288 1237198 961614 219286 253591 556713 1076536 881580 262582 311713 722495 801823 919034 238425 677028 170326 238057 859982 1114460 384446 220424 363722 794367 1119164 825101 1065529 547689 560670 735684 542515 1127066 735616 657287 908243 201395 840723 966223 742718
334905 1038899 1050479 232592 1059413 214702 505870 978434 496437 329602 693356 846678 961141 324295 700439 1026961 189557 1038051 436924 275108 908116 1023314 205637 257172 1128382 1204132 276437 569393 571109 384859 24467 1240714 700240 713364 817953 1135344 649878 1029620 717462 860010 853515 535562 523040 1130723 199976 539780 978511 495137
290842 1038308 905149 243300 1059726 435215 665372 971105 309021 199635 720817 846691 544952 314177 696187 820735 1229509 881368 347932 276036 787087 923953 336452 238148 1128435 1238158 702068 940416 606583 384594 223510 363116 1076673 839095 975519 768985 682340 839910 199835 763461 849428 932791 713484 1161629 1122780 552163 1038829 889477
446163 975432 702295 260075 704215 225657 874630 761590 221969 248643 720850 846000 960645 313651 773954 792535 1097390 514658 505977 264858 670084 725876 231151 198439 675663 936753 528207 792701 785471 384350 249532 364615 1081482 34195 646670 1050441 615970 559846 732273 285483 849143 1087579 1144799 723829 313094 963526 907848 566651
287630 1125266 702281 329890 675964 282572 216561 978062 450293 247321 721336 968086 960882 196392 647430 1054983 1085119 1124702 501976 227661 609946 746093 305348 328660 676643 565967 669902 766647 939057 392546 289978 362460 936708 40279 817491 667555 973184 782263 199587 614032 782552 1239782 805072 1131071 1107946 987390 948809 774637
382343 1087083 703490 341266 1090946 1154633 676904 518667 230089 522371 518043 855675 960589 290822 437603 1070932 744338 1075587 453063 262488 1084593 579007 315134 339743 1059764 917570 738552 991617 688109 899122 21210 427653 834981 781748 975488 1162966 879535 840347 1032535 794437 1127712 1131256 805676 855572 608984 541879 816251 783393
230601 757820 726189 329094 1002381 514146 540076 979096 228684 270057 665543 566199 1040524 324454 935025 1113299 822814 931946 281673 262871 1154679 757493 308664 384440 941253 1131066 665892 940681 740693 383837 185486 363167 787428 93083 648727 607175 1118695 712861 536486 1083285 848706 947629 842754 714669 564376 963789 1154808 495072
307333 961946 702316 291412 704578 212308 796252 328021 262582 782203 736427 648700 1158594 246691 285423 1133308 953186 874472 354859 266202 936995 681088 867777 384179 652925 809672 1182334 751053 711628 389216 228928 363767 937471 511494 817738 1090984 547017 940198 775706 539581 861140 1030310 1119579 735157 304788 542142 620377 299607
313172 975487 1050343 238746 703946 810101 951183 128901 446971 293180 721298 563414 724547 313321 959908 609453 1178708 881323 349443 264229 1172029 578130 304974 260331 744365 220465 808192 874036 802832 394393 301327 365369 622702 872520 646198 586684 547787 730748 1237094 539690 785430 1030570 940279 947272 475201 926252 754087 480753
334971 955486 1111201 693866 412333 275429 863889 274234 447956 60442 713621 1241401 961271 352169 754164 993653 1031001 920809 343290 281376 929833 857881 248958 245980 974301 916560 301993 783421 1170922 410705 439871 363375 1084016 224801 975220 919488 1232026 839673 1238132 1072965 853577 1087560 977334 1131030 327610 587161 514873 1152000
19029 679154 702627 216325 1090841 268717 268812 519620 435007 383895 919770 595679 960750 301223 528459 1082199 594615 932177 506717 276180 1084115 904995 230822 331277 1128479 857688 1182606 1244703 740040 400467 365707 361616 786706 560161 975184 1093637 1149285 842080 1054797 742032 860280 520646 559416 810655 580670 572340 798255 230520
1016035 727207 725622 455174 1036440 917442 231172 1165901 443106 238682 739220 647886 1158795 290578 614863 778639 1084741 882056 1137 265459 873470 1062444 782467 384806 744279 936995 246378 784035 861617 97257 323426 361163 1084441 1193824 975753 824925 879561 840360 1091566 794195 848564 1131128 560350 1154014 201114 527561 657390 1113541
331928 881644 904545 200791 914052 284198 758252 971633 444356 232823 935086 734402 1144669 300357 602651 466690 1084852 881639 301236 228616 594063 1062907 265629 198860 1128663 1154340 679447 842451 999854 384225 689934 360534 937575 192968 966499 1120100 878891 782295 734833 1214271 785481 1088305 782445 1150886 857436 783825 1058028 1071706
246981 623330 703372 349425 854486 296000 666141 1138462 349168 329174 739078 997865 724573 337659 700422 819051 605893 881272 226211 277828 1090757 682186 310830 338994 744591 564875 42205 628758 853541 384256 186094 362422 908362 437514 1031026 1180584 1005993 1251570 1237579 815338 849118 1083718 1054014 944134 727186 552181 682360 993394
307672 615963 1051362 260453 703948 500968 873694 878514 546340 240349 802575 1033640 1064664 337247 285570 870234 1054533 639528 506344 266742 694785 1038294 919668 251316 744534 1048185 219520 661556 740312 389203 323677 363197 700470 338394 975536 1265439 879745 940303 735489 609885 606284 810472 940864 1031370 819415 551791 1124570 523387
473143 1124269 1051395 319897 676794 1154500 675589 198231 216189 248235 935299 670215 1065210 290945 1068525 856048 516620 857055 342984 262713 1084161 985793 230739 328791 914115 164753 113374 1071858 848501 720022 290343 458414 1069647 646322 966254 238955 547415 940628 735127 620194 862169 546889 584111 912056 1006061 841517 706374 788294
331756 914105 703430 668095 604127 1160289 247356 596898 229623 345276 1096883 1183616 960892 301515 497757 514362 971522 881819 232008 207924 1124732 1083154 308998 384378 1129140 1161753 220602 516390 928983 396138 204355 359339 700317 284848 710766 982165 1153353 712855 197081 1077384 605841 946875 920247 1030950 564786 1078103 765647 494816
312459 881093 904541 356615 767161 872343 570630 264616 290022 207496 720486 1240453 961516 338366 377470 789220 1085251 882309 221536 198130 1080784 1023315 920198 77297 1129189 794147 808010 1172580 1031398 389228 222252 359870 907975 878537 817897 706596 682464 970687 1237654 551050 605512 722875 919365 1130762 682131 609388 697676 783112
335962 98710 702304 260378 677196 282239 540060 125927 447362 217846 712569 563567 950475 291089 327910 891155 1141630 931735 376663 268499 794879 626165 713061 93790 1128763 221206 1236306 247990 888724 384784 290591 363735 937366 1122300 975022 1182090 687273 523429 834982 481337 605049 1238574 560443 1130651 1243708 984376 966342 469470
354162 811715 1050344 330058 703669 669479 226320 1007586 435417 388958 928948 1240690 1064972 253977 881895 783154 843984 1074725 218930 227693 1084117 1023107 249216 237815 743758 187480 1054569 873505 848826 384248 314656 364018 937015 315743 646661 207665 903747 839357 735101 976067 793439 783405 805056 923840 514856 1026368 1141216 738725
