716894 1178750 789905 1135302 880527 900624 658581 574631 990657 1221795 920301 837929 1004215 1175288 603048 753400
623474 944811 635088 823645 525777 564818 66855 536002 669250 587704 258839 1080014 604513 579546 990657 612816
630136 515806 946505 749017 47629 606233 442878 820368 1192685 611106 18607 1078337 811510 1097739 1072613 905676
564734 1176718 215236 866682 542655 1257416 559667 1192373 956281 690351 1119003 634920 516172 907101 1188414 946493
1027347 971347 1161486 281169 551269 1173175 541450 719419 574098 117580 890256 746354 815421 619889 1174767 1068143
996354 697432 303964 630982 1037120 668493 1231619 513529 558516 807886 1072515 902708 1060043 966048 340419 891116
1039536 1266564 1231198 817785 536187 955925 1052483 658645 1239677 906657 219006 572646 700419 759854 799059 725685
1150870 1175933 158816 863705 775245 210637 664272 746719 1280301 883230 890789 910058 635991 1030468 769886 861916
512926 1189869 734785 161759 542886 528965 555827 818997 846825 60052 254625 1006636 955325 579438 945495 400798
735903 1022782 1195487 545295 645394 1107917 233229 892683 1264620 959256 953708 687207 580023 780921 991388 1107347
1162241 751704 953704 805490 1121634 602032 945557 361354 880213 21917 1011718 747801 624342 1087010 802050 745520
742418 785189 661230 1130870 956396 591076 1147904 570884 682590 615577 873995 83642 651568 1128999 1240991 582741
809672 975009 1141636 883585 1240962 1025599 756351 1235002 1239599 1128083 1159199 1221216 811829 864279 669989 982409
944317 268125 1032767 1101352 873283 549212 173207 596439 1240931 725377 747343 1053423 880230 838260 1197845 301665
317365 976017 907669 1205906 574551 1106866 35914 169032 706819 1018146 865684 612860 678041 545038 1234848 785972
1163918 138308 724075 811318 1048392 1173496 720128 845972 1128016 610648 906192 651680 289379 718196 910954 599518
821082 1231187 789569 921700 795500 825693 327133 818853 929648 1034844 41208 617156 1151959 868081 830462 726317
564996 699686 786071 1119663 1155503 363113 547042 1088408 699213 827934 976827 541016 1142065 834620 1131472 1228157
643809 716840 669039 988700 412798 768270 541361 592274 1217321 1158053 733649 136572 932913 706356 1234760 945714
1027550 652878 336946 714979 694744 998778 210497 181192 880408 897985 1110346 1128344 648457 1175294 1037692 879688
624251 528305 308548 880927 575179 1122927 745772 139670 1238937 1279603 752578 83166 787655 701243 1185626 1134454
751406 695563 980578 1018005 567489 568262 625629 273563 1238885 510896 875994 882839 760704 760704 698687 510772
956656 701893 253871 341799 161817 896388 1006282 27179 1042337 1034497 935726 868566 750230 686245 678579 530000
574201 691833 324827 816716 1154835 974237 930054 1007434 1192571 311814 463466 612374 1181424 1145874 542773 792707
1055430 576030 1031430 1101467 921853 881369 275363 733291 1054123 1173942 261635 119644 670586 1147264 880000 1000777
697151 653077 66848 1148629 956476 1025676 1158147 1211240 595503 334080 1023938 56519 959549 783673 651340 743915
239097 628546 976699 219555 971017 1256684 1006623 250299 880355 650869 333170 1183237 768015 1147306 525550 1075474
564158 745032 290422 1113972 996348 316210 1045540 571526 217320 796123 598689 229977 894472 988371 669088 687096
1117844 1086138 205457 968420 1166784 692312 1157730 190608 947795 398077 453605 1220677 638321 237632 669885 847022
601261 669471 582309 672604 1234067 434539 947988 555093 1060609 896739 733959 775227 293733 579910 880301 542841
1162106 615653 537309 210685 1239959 272959 1221121 589984 877795 1249121 782129 410559 646801 962482 595226 523036
1079695 668946 538733 1145327 1186565 698282 245721 1239905 1100108 1111787 846912 692218 880738 1083096 540220 1085142
84588 537289 1011854 686132 648098 680704 1204120 902931 595216 288829 1076025 1074256 1235345 611959 922874 601788
557114 426610 532694 598939 997057 1172727 693643 719153 630190 852011 668221 705523 786926 1135221 1239547 1123662
1077756 650872 686410 284685 641704 681129 541258 229963 648069 639726 192100 1058171 811980 733334 912036 745152
215767 550526 977005 1176607 1183524 745593 502466 903839 669583 462356 1158974 771977 938049 514147 838916 288573
488364 1178580 331371 721065 793999 1001520 523991 1164421 669912 1173587 945015 1037195 957681 950623 652004 653982
556792 593451 951411 306610 627174 976563 1061763 1184392 529720 900640 906333 971908 1150358 882609 944683 1109964
834757 871264 840563 992750 787722 1102389 1228264 728365 846684 410129 950664 818838 1003753 579426 922998 24054
574229 1168527 1006704 295387 1035459 1018213 769505 1225439 1150976 407927 723526 873682 1160947 619200 669542 531581
1150307 781883 805390 120683 1129953 1000679 713515 597118 595326 611520 690889 155162 959029 1173154 799586 1004597
499807 808200 653804 757872 1165093 882305 715860 923880 236461 466177 941238 897858 972855 1124719 835182 860040
1112880 536365 242179 968833 871951 1025388 609131 1142056 1012876 934174 513739 808763 549781 613112 1038892 906918
318762 203888 296016 1038627 969116 703971 666140 1183021 845806 879153 920119 398160 530411 271446 1185962 713647
320062 586167 323346 624650 1240609 319740 331451 529348 727032 1024410 848817 721303 623335 1148886 594962 1050724
217570 682486 198122 1173767 699348 873449 1046730 1188287 793158 1262569 752510 1062084 793647 787627 1241157 1145878
680381 778568 245436 940506 531088 962684 1076392 691192 1189034 229750 1110690 969235 1030468 331466 947360 668567
767845 613823 950754 905662 775467 893824 820188 708203 1143158 686017 803160 747117 761020 212894 707754 1073703
1280490 639789 1280096 308395 880348 1101384 818669 845818 595832 346929 1112497 941862 860279 512999 976543 932175
502533 890602 1147824 544296 877861 963535 690583 989421 1239606 1237715 969279 709360 917446 1149284 991002 548785
255273 516536 1007774 571475 566648 832348 895455 533758 912036 629551 856756 967339 579877 1087273 947271 968864
923663 679305 1210515 1159016 1113144 803222 982898 527918 1151514 487924 541632 1221121 841359 1088340 814820 685714
993910 279189 1151462 571607 972849 703838 831220 846835 777937 1158747 748754 1035155 1088238 1196162 812778 931876
1019323 473090 533560 891889 1195263 1011954 638697 1278442 589871 874034 1110225 864248 692050 1125261 1187425 1121868
572177 920047 743302 1062725 707738 582488 811703 513932 619238 873749 850812 325151 891334 539504 846645 687389
840665 797487 1236531 866587 870883 677687 1126465 1012419 669791 428203 1089256 1022470 1156928 139053 553078 583487
609701 1232813 1208430 581992 707515 1001678 1220849 1184601 968571 963312 976867 1077503 268657 651568 880571 963604
1055983 992452 1129915 1013228 903857 1147611 768100 760768 816964 882435 1127187 317204 958271 1061351 1129752 866480
1073646 1240252 683701 787362 1234212 715258 600346 8542 1072565 1173372 1089413 1230271 571596 222864 1240453 341765
1136100 716313 209973 870635 733718 513823 303879 1154079 1070293 602356 767160 626636 811563 825412 929880 511750
1129421 888618 1025888 235056 746869 1176050 930916 881051 815273 724574 1107251 1147038 648900 1155865 669102 712814
1102310 538193 1183997 760399 553434 715205 843688 1112865 955991 718291 981418 284725 1133367 1279174 670027 739737
795075 1234727 566728 1177086 761302 895177 284985 904150 1241157 427017 1012048 981969 1151156 1265520 813139 115684
187676 760838 310283 328307 741146 570420 694057 880931 1039691 977351 693327 612865 972936 704783 923986 1121496
555872 1054254 1153766 860502 1133795 1173559 1063160 678854 563456 1174683 599871 1239613 959857 823290 207230 522744
425984 680871 1150806 692918 78553 656173 273689 647661 1142430 269827 1253514 820354 565491 973942 1230482 906554
566682 923836 1223554 212966 1130241 1038871 611024 1236705 1074151 636140 998278 818678 657685 670478 1070293 1177356
1159822 944168 1237417 692050 984614 977101 23103 1054423 945142 852217 703255 892965 942949 28308 699509 860756
697963 757328 1239079 313948 613604 584048 25637 682666 1239502 1018213 906262 625909 792495 706968 669344 782087
1266462 645895 1191159 739281 1071589 578225 703445 903831 929709 919437 997939 1072941 756776 744819 955813 434611
235914 332279 289754 325477 113148 1101621 1034418 52691 574741 731611 737699 1034110 760332 514211 1112117 702862
234553 113366 727675 545319 699094 582433 1108575 1020958 1131472 1243628 848752 492170 699953 678560 946046 1001609
780969 629189 1162523 819268 938658 710198 732144 611785 830722 1060705 914304 694054 958496 929374 839023 593744
1056500 628700 309106 814661 539283 643986 734313 1230544 1030469 311422 589964 1258764 630824 955610 1237235 881486
793362 629713 1176636 252870 1150961 741591 66650 652001 1070758 610546 211927 173257 580115 81883 1238619 843018
646226 811360 212624 544081 1048536 1131503 1105018 707278 1072613 1196190 720370 930039 1113639 1034959 669717 640481
779141 679145 167611 1041794 623305 524516 529430 1207399 648225 280986 1102295 1063807 609842 1174078 1236286 1120226
1114306 803645 899230 792556 742039 806093 1006490 747143 740204 22447 904778 1138489 727935 311523 1012582 801480
1064952 295755 253541 866218 383928 636659 892734 532209 602725 434241 609184 682340 699753 892910 1186215 892818
330082 745620 905449 1070891 1156683 866254 767262 719787 1037692 1195907 619662 573844 580452 657838 505943 446322
319946 654138 652640 945511 855418 991423 977194 719709 760213 1173590 1086858 75979 501861 568796 1234892 651399
1056602 1086058 1208535 283371 544066 1173784 949562 734949 783043 1044338 977241 743734 574481 101902 1197461 613916
957577 1108394 812086 583502 563765 980370 262423 989076 1240208 116482 903872 191836 972219 746239 1129463 583672
195851 162175 680590 593193 230695 1025068 629649 682585 1213717 1024071 740220 549978 1174018 478236 647666 669022
1150886 898409 614919 176493 575257 122080 1075861 957344 923523 582508 602081 879951 820789 663371 734880 834954
944134 1219150 772036 883217 1189007 1017948 802318 1113095 1195138 747319 650118 1116329 541880 589558 1183524 883956
725232 746580 1033272 904038 886541 854338 653050 1142662 1196643 911041 653627 599068 228209 931966 964455 966706
1161537 637349 890429 622128 845798 1123741 619784 939564 644707 1090688 963493 1129463 269827 951941 648130 1073879
590134 537928 1108521 796560 579844 1025603 1086034 889804 699505 747143 1052220 667077 585077 1150829 1037160 1178841
819593 502906 606048 512069 1186121 1051656 720557 882306 917699 1034484 1079113 1134636 539270 811977 1239788 866186
760597 672802 928687 717710 878427 1012086 1153236 719822 969404 559377 749409 744072 537613 759026 564602 880732
736509 153997 1082184 73588 834207 1026049 715392 1190373 647303 626695 1218617 1004920 290384 1154417 666288 359237
315754 542394 599711 287642 936539 896056 921220 840410 1060508 610539 839936 591192 765377 1175096 924063 1062547
137524 414237 614684 883173 1108919 226830 666578 611462 1234487 767484 389030 1064093 746828 858506 253325 985234
972125 1090752 328083 610956 557946 582975 686107 1054381 944941 1090808 1109487 359641 811504 216431 793573 544895
137966 691590 544104 521198 766132 858056 956532 819371 1238424 916158 951745 365192 742630 1165266 1197354 1157285
742799 690581 956583 714082 845688 980910 939275 743075 946874 674256 1011939 927232 799164 887325 1235515 160012
1147785 1196048 249335 1026213 1233485 896138 682001 1184021 1239998 974439 1002343 1214385 1280950 812172 566162 866763
948583 574854 927516 835787 775316 589412 737989 858557 1112625 1172998 541136 396346 938658 611900 834130 675504
898770 602320 903400 685768 1138653 294870 891796 763461 880571 278630 744553 39729 954283 556452 798428 930726
