963832 97374 178477 804316 1066512 221150 182762 1058432 271004 331873 665934 996723 264489 556740 618714 757284 227989 1125101 264785 225990 639036 1090752 221914 262412
719692 385589 22806 975414 302808 225990 16365 1100815 274170 459787 698793 1058962 329082 1069221 573578 720841 272383 661495 283953 264483 1094759 1177153 18071 312145
313809 405605 224950 1171592 691258 492308 220424 1059031 299319 459474 519806 682165 329331 1036313 1030322 963864 1006269 777609 1126329 336265 811106 801055 212168 280933
1139575 1117553 439141 1172208 699438 231099 180132 758402 262769 345693 670783 1038089 332254 893808 777409 925868 32361 801413 218945 266648 838225 287203 195886 262325
273083 1076049 273711 856637 579818 216844 180931 560859 274986 350167 518725 834982 331461 335330 975625 788597 262325 653915 248516 301414 1125176 848704 737402 31786
328610 551201 304131 862320 363196 1257105 181070 909628 424641 357132 125207 815108 246608 659635 1124107 823866 197862 1148552 224362 382674 1038715 583378 1087680 306919
333971 957037 284571 1165947 814968 299548 182248 615710 27476 217318 107608 903201 197925 208 938481 701912 215032 304728 289492 265865 795397 690758 412560 261867
227816 690894 13367 575652 349789 231265 181756 1230340 261867 456834 566043 1058432 198692 98 757805 1130888 391798 1185505 348999 279009 666108 1099238 1240713 299989
336265 1169089 12019 909249 337048 248245 22795 682133 262224 497114 170391 757991 332246 1189424 841880 1102428 205273 427527 305731 337203 335487 1132800 282486 32424
317629 397363 185538 1172090 1186093 222857 177475 1087107 217097 461067 519822 536117 336879 268186 705614 571677 290243 28209 200594 329329 996646 630462 223435 268657
286210 97314 181940 545831 1257105 135266 180580 427433 217271 227164 177112 1036963 203618 377430 996752 522472 280691 1128863 330177 330159 1186533 1230666 929247 259952
312737 383758 284023 639601 320546 266000 329836 681073 263886 198553 484360 787865 329942 820512 626598 651154 262787 510944 259110 265195 589586 677379 699509 278394
326929 1256602 292547 511920 319831 221527 30931 727147 226949 490124 658246 680689 284036 502302 757469 1253327 264651 498483 258315 265213 590649 211805 2251 317642
471655 180429 220330 545622 562227 220653 181507 584417 227798 267884 164607 647151 336375 1198814 617425 305244 215620 1143444 237847 330227 514647 952778 249755 281955
342944 867456 183651 1099255 690728 284023 229623 1225387 262439 460506 392249 853276 203673 321200 682767 910632 197807 1128911 218437 280142 1025489 690785 433702 261918
227224 987366 925531 818378 1164697 135295 22246 945708 266397 198201 165025 842203 355434 269194 951335 902456 282156 221049 296738 277229 652942 1109721 286806 329626
473366 451412 215933 918371 1066411 455443 22462 1058822 261918 330331 608119 815200 237335 662339 624273 849334 332043 1132893 320805 330280 647675 761406 180377 272582
295532 414646 295153 763536 916812 315432 322300 525492 306954 259502 869059 1130261 286964 501899 861586 653761 201132 1207340 323789 283953 762579 341053 200457 267271
328933 147700 176377 862966 349532 312907 182378 680689 278158 346848 185285 1190251 240629 157784 997410 565306 485036 585908 248168 336450 1181460 777074 303744 284434
314409 389852 181498 820052 178242 250335 177912 878411 216487 262458 188485 1058908 332000 153282 733190 1054409 262876 476400 265213 330643 1009240 952369 603559 272816
355990 396793 228821 1012168 1077146 221408 183669 682165 206407 330467 35177 1058076 264348 1243 1062868 710999 267477 475227 277459 329026 882319 1123226 412937 230692
334313 670661 345839 1143419 1117232 220427 22927 1229573 229621 460036 551449 1058956 203692 805 524916 853099 263104 575963 292934 332511 1061054 1157966 413086 31362
492202 1169500 451014 789898 857396 324857 579818 1140185 262233 330384 552955 682802 195797 841302 962117 896586 275011 708344 330487 259597 712421 953703 877424 262208
491803 22899 113920 977259 330643 221045 183404 879445 261826 327539 185460 1058594 196609 1185 1047121 785349 112517 826777 256330 265251 938368 844089 229377 274571
240936 1257348 180839 561511 990206 329721 184905 1100480 196766 379767 1166186 1038235 345385 339300 966931 712526 262396 936852 201779 356881 1108876 1105690 186261 312199
1092332 388819 128754 771574 319897 226067 180902 525211 273789 457514 461773 814820 196791 992876 624074 1114694 198893 1126509 279744 264561 1081094 974850 327371 278209
506532 22296 329401 927477 1066436 276815 23985 317651 269587 460124 174898 1149149 328939 557116 1080768 757343 308473 664336 337223 317633 585503 1123648 80831 322188
329231 1147138 11679 1083599 336781 345023 180420 729173 265780 345431 778588 547718 358678 792194 656779 377386 228145 686593 257483 290066 956138 1168559 497219 262600
334068 21425 178127 1190482 1065760 290066 182161 1058101 209463 348387 1162395 626963 240228 502138 625973 916583 275247 1008050 258347 264490 473825 620800 147348 1092060
445735 1053927 268685 1097527 561131 317623 182100 815799 262605 462517 166693 963421 331686 1189555 975971 744271 31518 322044 330904 345828 1124847 260062 187613 262769
462179 408690 217769 731765 1066150 227770 181724 708224 432663 460194 520838 1058230 202480 326 975121 744009 257871 1058070 251755 331763 9711 1177896 261792 202048
436966 699895 885268 546536 1065753 229888 23033 815044 213384 345179 55292 880362 203240 507663 955351 1140520 557094 321736 497363 317499 1045380 774203 737260 299103
202890 96307 181576 783998 1262878 277335 186453 547306 222858 218789 112026 1148876 320654 228320 647202 852042 279447 951837 258658 214520 678566 564762 1045671 305823
312239 410631 217323 1022220 561817 265865 329213 1100725 210079 198690 55103 584898 320420 783423 1062835 774538 317449 951154 329168 266796 818475 1127445 230224 326473
326418 409744 178338 779329 1066800 306319 178002 682387 280992 317515 180395 701589 266300 1138861 974821 1189402 32104 1045540 284636 284267 1017319 937248 444922 112679
445975 383730 348783 577377 1068651 320069 181695 996723 237802 459799 515328 682206 277459 665343 879135 1055270 681342 404002 651144 279896 160906 1216651 18065 331299
327244 97424 12404 862285 1080713 434511 494027 1058393 261746 496841 520047 682854 273257 157461 626860 1083384 262423 118751 245621 344587 900251 1119803 177255 308252
232661 97232 216844 776387 519285 331299 253376 1058048 262610 332246 92889 626803 224039 1075797 997740 602382 286816 896071 213981 344783 197746 511059 990811 304914
295166 606578 125714 1022006 690975 337048 176966 815108 227884 334945 770454 746185 245915 514297 575044 1136713 228913 1058492 214100 213807 361816 940193 413550 307662
97232 131266 182541 644529 285270 195929 118334 547647 128442 332297 72362 525043 331599 956478 787507 1118256 275585 240163 463802 221155 831592 773989 698862 31570
326596 771615 318809 918452 1151737 329583 222857 1039641 216156 329129 769800 1058101 332045 502240 626597 753418 1111943 1143509 293797 332339 691590 1011536 737839 227578
455887 414127 413315 528943 562130 225542 405646 525872 280568 460133 123439 523340 203119 801622 1086168 589701 125012 200069 203721 345541 624060 650783 223986 281291
455282 547237 25259 569135 290897 271944 290359 975330 262400 203612 1212871 682214 237009 1017780 562539 883935 226447 1005803 336158 329626 1262821 731232 360527 262545
956358 664337 178405 733555 1066278 556740 181082 266238 295217 459585 543238 1058223 265709 545021 1058930 217735 230764 955134 247912 320546 746108 1103874 459733 273465
232209 1136367 128478 30841 317993 341867 22614 579919 224982 331772 737504 746388 284368 1203045 1001074 907523 290146 537742 307850 265969 783683 1124163 708141 267216
262362 568492 215990 365125 318477 1032615 227509 616546 253228 330744 1117079 648285 356287 909663 940232 780742 277391 16652 224589 275828 623508 691069 49526 113289
227417 387695 270997 795055 255158 330643 232384 542476 209259 459149 414387 573999 237490 293180 1080865 719765 472682 279850 293159 275288 783981 1179100 551042 312772
730182 22405 189195 513205 1262382 271234 181878 1058223 231110 318024 520747 1112114 497290 1032425 1039109 1257203 626153 574496 255958 305822 1232502 749095 98892 289790
170813 1260021 125777 681268 288488 345855 220427 1042057 227989 245610 1005019 627017 331807 579773 975254 1018340 700176 198709 236572 305482 339103 671467 442263 200820
242256 1083497 22834 575595 337203 270095 238062 625858 207813 320971 939729 564917 247664 709285 647767 539802 23027 815432 279738 310945 340054 974224 212563 1039326
320112 861707 229888 869666 1164439 228853 189787 196922 434112 238321 1174727 864210 203682 662356 951375 208851 682670 1108575 279621 265847 893313 290081 984721 215881
329085 655072 339520 545615 1261913 229631 689328 626803 1006269 318929 175496 1100815 201851 341818 627023 570483 32424 120113 265511 195929 667768 566835 36690 299079
329601 773844 268947 998053 690807 262167 437064 682693 214515 459583 555027 1112113 284192 1100064 985820 735970 267262 362698 224254 221527 1006406 583069 164510 198689
312754 629155 185140 847916 319832 260638 383177 280485 279469 457418 889075 1071697 203432 792113 811085 1030562 315431 978169 264727 317553 965738 745032 166707 476604
456234 16765 24751 850990 318885 216464 297636 814851 264348 460009 166399 547246 236961 727303 1025756 1164674 805211 816667 262182 222354 471595 1124007 300046 273662
329340 827771 177667 848035 1065973 287210 19014 758225 431319 336375 107045 1151307 328675 661405 1031032 894400 261969 124614 304975 317869 35787 720036 352976 262463
357487 97301 190058 525630 616140 311340 218680 198298 281778 344870 111808 519633 340626 869977 938873 1053566 334795 745691 247249 265104 962416 1101654 433651 472637
313784 97063 217662 740474 542411 298846 186308 1141963 312209 265918 128257 831445 496926 625118 938399 888721 301793 268295 270109 382445 217171 297886 205646 24024
223198 25804 180472 199141 1051811 455887 180327 535778 277863 221013 128376 842065 297118 527745 618637 808590 228507 745240 317885 343476 732795 1011216 277920 31696
226818 388240 180348 545606 317770 217171 26111 613800 273976 280735 18956 649459 264791 1223914 815568 521284 229862 994839 222370 198737 475430 740620 89176 307706
434511 393073 185243 546621 917116 227254 178417 524915 233191 354475 176799 1059031 331692 500196 626560 744659 1223980 652819 255884 336683 783644 269748 1048905 312073
442872 110363 25139 923280 936860 269233 306837 525771 262876 198668 520822 1086816 197460 137950 721137 1131150 470126 304189 344753 331074 228761 251080 445948 229460
264760 27672 305128 707414 568193 262652 21578 878736 281136 29843 180263 808808 239608 1035649 919323 308831 207322 745267 196720 330727 213022 1132893 344187 31216
289835 388825 177016 757941 669968 301727 180232 647841 296469 306933 24474 1100889 259222 419580 975236 307445 209259 579131 281042 497419 529431 1214184 160 208660
345467 97084 225203 1163005 1083969 225735 167171 198728 327267 262820 182242 1111937 318277 201646 810552 1084603 31999 1200585 295515 264925 597781 714137 18919 242367
1256552 1018695 237177 558047 1066462 211924 182932 997449 269206 228444 519984 880798 198774 743133 625736 448391 225190 208982 236599 329133 955104 1125089 113159 31462
1113837 567885 18416 564140 562334 265847 181880 1124785 265742 334798 181494 1039021 247517 152921 911873 785722 344145 865317 327423 297141 587718 713955 19129 275521
476364 534307 112304 1006833 1066081 232330 180900 1038892 326807 331755 111924 1058803 202775 1167548 916361 211181 481637 105730 538500 211924 439874 1062810 19104 262960
246478 899670 181110 658584 700448 345839 220817 304978 271141 357703 106350 1197398 260230 77728 617951 230503 777397 1143973 296320 304593 831550 744315 320166 287254
312724 414060 263063 856608 648881 246086 265124 1139855 268618 496926 111802 1058335 293575 252957 648554 578812 227798 1010355 336221 304218 782905 524179 110838 215032
344759 628860 349109 1149454 612304 221027 165978 460992 272430 348161 185276 1143106 203963 425 938512 159004 271510 204795 236503 248187 1065242 1061938 252972 262777
104502 385525 180966 299739 347693 443415 127594 682247 208863 272383 104410 779580 265419 400964 937886 1140115 626323 882585 623442 238023 1236487 1159764 177244 112726
885170 1149851 226256 525774 917628 288488 209357 532483 228407 459841 1055265 1059125 246335 657374 965991 229623 878512 627409 225842 331155 301815 576030 362404 278730
238062 706779 186559 548352 740705 272337 205298 1141649 262232 332160 186161 626008 245087 788843 975011 9930 32189 928985 307480 283658 915969 505166 17499 262646
217684 115877 177779 1069174 1066192 219783 129083 1058230 209573 459248 971496 941234 357547 313487 733263 1189737 31786 1258930 297166 296709 1206289 896217 137956 274120
276785 395362 177687 564154 1087349 665343 183397 1047661 487308 262113 401593 525554 198465 221536 670164 774838 225855 924147 259834 284117 548683 850705 445482 473896
326071 1127355 345043 1176966 815712 209763 274510 821699 225531 329082 1046613 815591 202556 1190469 975696 1128458 334245 1253260 329475 209357 30434 168929 180364 327852
30642 654962 288190 1239157 320913 221215 128342 1058423 229368 264633 615771 728120 245210 316413 907919 500554 277487 1034618 199669 280385 956513 1178976 459255 31673
326572 655594 128207 720184 301727 329252 13108 525614 285080 335039 1055197 804411 317827 610173 966922 1256844 274241 1234381 297395 344855 895719 579106 187690 201501
226320 24836 182768 522569 1065693 209357 23150 681757 269813 332109 112041 787118 338072 501885 975002 600751 471252 893245 296339 308746 466357 601868 436992 272383
338312 383838 210503 772085 285043 446307 269828 878964 238795 328690 106287 1038880 201877 488912 1073885 1121978 719891 475009 198037 336900 870492 1123801 551151 262232
1257744 1136241 445440 917918 502923 319238 302536 880276 212157 497909 1085245 878764 198121 1006941 757901 1196794 211294 845326 344987 755962 716861 951795 203829 200269
271432 936065 168016 1100991 353305 225022 348726 707515 264602 331155 412680 1142921 497363 225987 525382 506576 32176 745908 348751 308607 584436 457484 1131296 282060
296741 97738 16771 847699 1066734 309244 229846 1086084 266284 433223 916904 159198 329666 333946 830240 918420 267216 296680 283744 274916 1176253 283198 473850 460461
435561 690895 352742 1046994 318005 328731 181510 682214 228594 261608 869631 940195 237663 502483 880596 1013162 852602 963260 605609 208004 1262419 691192 313152 434112
452758 860767 286696 1084399 301016 257262 297254 651856 229862 331071 105338 811862 337231 855900 1002638 1079050 397652 60862 330324 285547 690728 1224444 286967 279326
318060 25524 25908 545538 221054 287979 209758 815516 230236 297627 765433 626252 355117 528284 602247 329642 312199 1229746 265090 357128 1192097 1146959 112963 265251
520125 24283 328691 705092 690861 287222 442327 1038880 271510 262698 787795 815623 357128 160633 997816 796416 277706 1117527 330277 331130 209426 504847 177044 207298
325989 471172 180775 528383 489669 259952 231099 1100218 264684 460201 640264 529702 497745 726723 903200 849410 575154 623636 224616 328627 830359 1158187 1046084 280566
326305 568560 178397 210299 567651 274596 25632 547114 229361 330406 24581 651144 265395 511132 975237 529272 174754 236626 223163 209103 1074451 1107415 351727 262878
217064 389038 226120 1069207 579877 277282 185556 757749 262350 223759 1037839 626176 336519 1199124 1081311 270483 262400 687605 306658 1032647 1093750 1218925 262438 268533
333978 417628 382780 626036 357597 455384 182157 547599 265045 344458 124749 682439 330044 1005908 958236 970389 435963 1086879 260321 307501 729369 240451 201456 215378
295526 98023 353717 794457 639433 229148 23180 727661 278231 347947 190031 880348 331963 158810 996840 311465 282039 567892 317634 202452 699512 883584 423406 229588
298817 689168 347007 304495 342931 228879 183073 224254 269512 317951 170434 681192 240180 727843 1058525 929894 298149 1179157 336303 319141 735511 808480 386517 471091
259232 733510 26449 585643 664861 260019 23223 680764 213692 343522 722906 616703 246671 730070 751883 320732 1165587 18082 380207 318325 246483 1196731 252789 277894
305490 935964 127384 982745 336373 336900 376122 815671 309857 245051 188414 681073 330384 253678 938846 847186 877732 903385 309036 328660 611628 1244410 741948 209259
319230 655408 284237 1128428 96872 481603 449921 1142450 210114 320654 119752 834207 228159 247955 585651 28013 271887 657701 279911 307233 1202241 1117945 921686 333474
551534 835072 448393 1072517 939009 262912 201767 625907 307531 319813 176695 757651 229486 823422 975173 229566 1257637 578237 200595 336539 267785 1118942 766411 209946
326031 1169073 329630 679759 691710 377014 296994 611180 216670 213532 119894 536008 330287 1091814 919581 304026 278394 292675 206389 318747 725014 585878 431647 265585
358662 401292 221362 561558 127570 268657 337521 1048135 314830 237992 1117612 681008 259818 918197 962021 578759 308346 889804 260101 227993 1231396 1183514 308257 262176
