294178 348804 850055 1031838 309929 936396 222088 788439 1007729 872837 1229430 649411 635185 535926 911887 861836 1110620 1114379 1156731 787428 92648 615006 955924 809768 437164 358604 523269 840805 200922 74128 679210 264411
288526 330476 796699 1032146 325323 18731 276253 788137 539262 751548 979096 649459 185556 185426 1237464 882175 1110456 794202 1073740 787628 1237198 794637 566351 1030704 439054 358228 940606 950590 541784 77297 872533 274988
691669 294178 1038012 1031885 324683 561076 245122 820483 665543 579595 775791 566478 195405 448391 908280 1127186 1111396 899950 538417 658220 535562 823083 286575 1030333 284069 439727 998209 962894 1060167 59679 809331 209306
295670 319323 796787 1031485 314234 916529 223805 1069144 1016582 652018 1007729 649423 19239 24467 646211 735111 730619 608417 18786 1030292 536078 340434 290982 783343 439727 377767 739288 1052860 714900 53893 1081223 208738
294590 329864 796999 1031671 313570 1238149 282247 234178 1101641 532396 1153536 872329 19465 183601 1073682 682338 1111143 735789 1036810 532199 425586 280456 940210 602720 220763 357237 970815 1082213 662268 72209 1112382 170434
225462 259153 677343 1032710 310764 937444 226634 837245 666367 891885 1237464 660410 1043771 180136 1082158 525746 730804 418200 1008550 787039 536209 196431 269575 787690 377767 443998 1096712 553078 713034 83013 708075 213546
286404 283810 874401 1032385 248940 16119 291082 918722 777696 565619 341549 552595 170794 186273 1153585 854157 731502 651154 1072979 787571 518041 1210148 565349 1030758 348147 285642 941099 848497 593534 59646 991337 174614
916860 318325 1002863 682576 239360 561143 326539 1068781 787664 691455 564590 994959 185366 1237214 1238675 884193 731692 1172960 919854 911887 662479 536063 781517 975799 506479 496561 805059 1077922 841089 40150 708320 304585
239738 331727 796745 780100 313848 622986 253833 206262 555102 872274 1148863 831266 118537 167005 593076 1127167 1111162 542032 919394 1056466 716969 1205157 926326 770856 227572 241872 866408 1152234 901142 58273 913549 185160
691284 318223 873711 1008325 276808 875790 237038 590806 607006 843657 971822 908671 18381 185662 912114 747319 731204 417706 919437 787766 832363 950779 670638 648721 263629 171149 550835 756615 963428 52319 551893 937305
286500 345284 874433 1032361 249466 1080784 205617 629774 736874 953008 1258147 516301 177995 186138 1152628 713407 731320 564097 23252 936396 535239 994491 821048 1030577 445543 135707 879382 611307 963209 57871 956272 754589
296325 259809 796295 1031926 311086 844105 326093 1113132 761391 917434 734647 1040833 183667 26479 1031397 1127364 730869 1178999 1127167 936595 704341 1197546 904630 936802 131024 440472 1114379 1028558 976928 73921 810245 268039
690578 237624 796751 1032264 310063 874852 273810 225768 1193921 1000327 1237923 418996 19295 176254 735321 896106 730688 1045990 128720 1048185 1241401 536358 242447 1177751 502018 441415 549781 1172765 595543 74443 923396 307172
429681 197986 796801 1032203 310191 18223 314688 884303 958261 1162061 775878 648485 183884 182558 916670 1142985 730846 797842 119778 1030357 702518 1012129 565967 786858 377114 301942 849003 944194 433379 39712 904118 169928
294113 331074 874423 1031846 310850 875800 342726 791996 219145 481337 775708 894945 129223 445956 1031152 1127548 1111480 807328 578666 1187793 252395 597051 242168 1177446 646 380062 866958 626963 704341 70804 757493 304409
182701 259930 874747 1032031 311716 876053 262620 837882 607022 602017 775320 649452 259930 182622 872533 1149149 316382 613063 9297 1020151 654978 626833 919578 111315 352778 377775 962282 792149 1108393 53087 1053369 275516
290026 345905 873784 525666 311820 917185 204981 1068459 632547 872813 672504 624723 128783 184835 690603 885126 730810 807575 103930 787329 1036623 897322 1114234 936396 128618 437874 866538 1174768 677832 72121 823158 678256
690848 345266 874732 620189 210299 916990 282091 1068958 1007858 522026 530179 957304 111825 181386 1237257 102172 730526 594988 105613 945285 492757 801083 841472 910647 440398 941070 935588 954138 580232 52735 389178 516264
289935 344587 758302 1032316 314208 937419 245371 1068453 736290 997389 973118 648839 107112 184227 1131744 815641 1111297 793439 119172 787034 662486 370531 442639 1030845 221969 782667 940471 564555 8710 57440 990727 338195
295761 344783 681637 682352 311811 875838 315520 1077332 506279 991537 1007324 565501 128606 181019 1152109 526080 23099 777683 182033 917298 413073 729033 820506 1048469 1153585 496539 1107426 615006 703667 60904 1151814 337543
300983 349532 874644 760712 324689 561964 262438 552842 731940 895567 971948 1113498 1043034 567429 734440 525922 730911 418192 656457 1031376 506973 877751 818894 1149798 501901 285908 998182 288421 1018870 41560 626906 277894
294386 259473 795890 1032528 314429 182297 273512 1160947 1257186 1088464 1153525 970974 182498 118475 917105 525770 969300 418210 842118 786936 874196 1133264 940182 779910 119830 249443 941168 438128 694479 82969 1030751 762405
294136 260284 874174 1031682 311435 787087 309540 207826 719302 873027 1083864 522446 178086 182109 912894 678547 731304 778558 19014 877059 1155177 609049 535038 1030813 353480 349211 839793 1055085 886003 77184 626692 183808
295503 259440 796082 1059026 313457 843197 226390 1068355 1189744 1150532 795506 742863 23501 1237147 990340 570341 731749 867151 170226 735406 520909 402157 1114565 1207272 138013 307198 739227 984615 984620 74318 1150193 1130180
1031171 330798 874175 1032662 249611 937363 314798 671814 1187916 531809 530854 895080 111080 1237464 1153455 524936 1029254 311447 118680 937363 520280 700439 587661 1076761 440472 308789 522500 983950 158369 71871 566025 208623
353841 259201 653332 681605 311206 561684 237689 587222 785687 690870 1048870 648956 183690 24440 831286 1127126 731441 735550 549730 699908 879324 679170 634050 456368 439715 348147 940500 1259065 405522 78643 626285 225108
300743 284449 796252 682409 230956 794676 301929 527731 516439 917707 1237162 839158 342339 9371 1031145 592170 1110839 1145216 550258 544059 320003 912615 204205 1030602 352824 378408 919085 580264 245445 72032 990781 889463
295735 330793 677590 1058117 276947 561654 214736 790502 502685 646579 908301 648926 184735 109992 735245 1142175 1111119 541828 919293 936841 735127 822543 672516 1140340 376188 266883 615970 601788 306791 39075 872688 183608
295743 254658 1054678 746473 313590 562004 211137 225836 665588 872452 735101 1041867 19385 347548 912165 860325 1109078 863856 1047688 966352 327120 775170 121889 670832 437874 263629 720273 907273 668616 72516 880234 225080
134823 292877 796022 686995 313907 916755 278245 587789 736302 958896 362167 860038 18721 395169 1131071 1142273 1107478 1178565 332456 657977 735072 716229 572047 786984 615 444497 731120 512239 672446 60775 915443 790769
349789 357365 874443 1032443 249158 936508 335972 552526 1126838 559863 1008108 884303 109191 180707 917241 815447 730792 704070 841777 1056384 685756 887787 898782 92809 376663 302197 962171 532093 964378 61021 529819 215032
315899 260267 707059 1031911 213907 1077146 297533 609194 899122 916657 942819 793035 189566 180924 1161629 1148613 1110666 418269 1062262 1161496 1131066 33472 1197601 1130180 506448 1106674 712712 716946 1076919 57857 990597 213692
294405 260286 874095 615454 275949 936995 288848 1069058 761766 561794 514258 649530 18870 27044 1152880 932223 1029998 416254 791916 809672 955322 705862 786281 809874 228684 131024 522559 812060 847794 72181 595391 225061
300796 260275 873649 1058205 229683 566038 226401 788883 736427 651124 855838 1040098 1088391 186012 737773 560859 730667 290982 631326 753796 991386 806023 990158 1150320 184153 258704 731085 914747 553220 39078 992011 337117
357959 330421 758185 1031557 276144 787106 326168 893724 721228 873244 776215 1021185 192198 181427 916981 547244 730785 206668 919101 787533 184884 1144218 167074 697835 91045 285589 805451 929328 91291 507256 1239545 208580
300746 284267 873528 585282 313559 875242 290982 1069433 664084 1012182 1079647 783734 1060167 450241 1150982 656762 763867 889754 922264 903443 180433 1172713 535144 547097 447259 318677 970588 1069353 1103544 41777 903673 307672
286815 259235 874745 1031832 281691 916843 290309 1068773 606350 924678 736609 1087705 18987 185795 735111 1127116 1111201 535636 729345 1080812 967085 981870 940795 1031246 184889 444995 523021 1174309 852690 83336 945265 304756
324488 330064 677856 682202 325110 564974 205000 792730 1035527 945197 943869 1131520 110937 440398 1150307 853607 1111289 793959 23099 786858 1182970 678507 285794 9297 443510 782237 866120 877420 1002003 60330 525554 272383
294807 357597 873867 682336 201395 876008 287421 1078987 570652 713168 735582 242450 184619 185801 1242084 1127220 730617 536130 522569 786696 1153536 1068583 541033 272940 570 443365 842426 1156540 556793 77072 923042 898096
303769 247895 874061 682180 314203 13859 262522 564179 860036 873151 1241738 830565 177357 448291 533335 909048 279738 1179031 919969 787772 525031 914942 440472 1031145 349854 227572 736289 846686 552046 41747 990680 213650
434965 260415 795818 957577 310848 18686 253472 701407 690014 872525 943941 649505 110473 183690 990597 814757 848067 418518 729316 1030349 550341 69268 440398 1030877 252158 434727 839232 994583 1257083 53921 548264 208846
239340 320546 874615 1058138 310945 1244965 317822 1068193 1237346 968451 1083703 991700 929529 185361 1152787 1127799 731120 931626 18871 937419 1008380 1024962 873277 681240 232008 486382 782708 767460 1257546 71583 626666 171152
565120 260300 797001 1032356 266622 561746 253314 505679 884449 1000373 1237812 929303 183574 445926 1051220 525788 730775 988969 853219 787318 780283 871400 1032718 1087455 445128 441082 839565 972219 964173 60442 923529 266135
690966 356842 873751 1031849 311180 565813 226818 1113251 1007920 873174 1237788 929680 183400 185678 646749 1127500 731721 1041065 23190 1210427 649663 1235491 1252269 579595 440769 205108 713520 1111239 602031 71571 815219 214377
423409 330909 873735 1032204 316992 876037 204213 514384 666385 957137 1238022 1131755 23327 439727 794947 525969 731424 770367 479132 1104825 962591 894522 866980 1150522 506310 443890 1047632 673025 947349 60345 809959 271151
916974 330525 874556 236702 310444 1065636 224574 792668 666082 713484 717916 563291 18239 26674 1153002 854292 730520 807899 1119553 936508 265115 1012300 221935 787824 393976 381385 866704 512481 746101 52508 626598 208055
295919 336370 874666 525382 314027 917009 205526 837273 1016539 988784 908116 787159 14198 185849 755359 679075 731600 525379 903312 937462 1001512 760123 1130841 1031334 1076 297203 280406 1024962 984515 72202 1150684 277926
294249 355087 675636 681193 278360 875961 453711 984586 735910 916867 775657 516687 1042858 180168 735447 1041758 941194 741738 841992 1030621 1099333 1216733 992770 603297 266883 283077 943906 512689 1141588 71870 903580 502313
565871 330414 1038764 1143026 325253 917116 315072 1113314 739408 873084 756710 419745 104274 1237510 944741 1127465 730720 848352 919989 1076210 629837 1167552 1196761 103884 255012 481876 739512 1116888 542121 555621 567296 1013172
691715 330755 873470 1031461 324822 916862 205766 609598 1127211 1012971 737315 991352 189702 444597 566702 848804 731397 215348 117887 908116 881013 270178 309021 117380 496437 269575 570505 221775 1086002 82837 1111873 555881
286390 328738 937329 846646 314122 18410 435123 792477 499941 561748 1117958 648978 106140 185366 1131547 861057 731314 968213 117960 770436 1077328 704912 478300 1129582 444423 497372 1047672 848868 620466 52448 913837 307147
691232 198737 796501 1031845 313332 875780 326754 792882 721616 1153529 766876 1131757 184638 181826 1131311 1142314 731333 201829 330157 787690 1241669 632173 263523 728744 439223 439223 920236 565477 542142 59951 911499 209781
446225 262727 874076 1032261 325893 953310 434554 207051 853293 1000300 914826 929370 177992 185629 1152835 815338 731223 988909 792457 536979 329662 1179657 731266 287736 455257 446886 739284 797663 974621 53839 1061054 766535
347525 356771 1140970 682286 314419 875159 434791 824656 1257609 1185249 973093 1131436 111248 26945 565120 776081 730834 213242 955814 940050 192140 1112347 1074450 647009 358233 445082 731187 615950 274164 57374 810258 176157
295181 283988 874276 362402 276589 119997 324458 1113551 905935 651954 1084613 991263 19237 176224 946991 997264 730565 241101 1019453 786998 266622 151926 635185 185276 660 378204 739165 665679 1083496 72133 811708 580294
305889 260375 1130763 1059033 281255 16600 264770 1160744 689366 565306 635257 1031355 181860 181253 649452 815255 730753 1042482 730740 1133791 968167 1036238 1015679 787166 998509 353252 969910 1111136 541852 123546 976072 305196
320078 330564 874062 608945 314189 875237 328155 837453 853404 502870 741734 831341 185856 128763 912377 997195 730561 1048415 656947 1030577 967162 863924 1161989 1084322 496561 440781 940915 418645 1248741 40784 810668 304731
286938 320086 864124 1058346 266713 875646 303432 1136670 1114647 1031147 776014 1154107 22694 178148 1030323 859789 1111492 646579 10989 547097 805886 212251 565555 183742 998733 131976 860105 1022053 780453 83697 990442 1013220
259512 330654 796338 682654 249028 183606 434841 1031556 736946 736774 943793 419480 110908 182083 912468 997036 731724 876271 522441 1077146 550019 1055779 314062 21210 389555 941290 533399 1172776 908834 59810 665926 277516
296260 198808 1038978 682628 248860 917277 209858 1027451 978489 1031030 981201 894211 423608 180093 810134 1115156 1110608 923259 606630 787286 1091426 769169 553010 29193 1153576 380347 560684 446189 672677 60665 1095387 1154897
282251 260187 874101 682383 252608 917597 275464 1068346 1119170 1100210 776180 1131763 111507 449511 1153193 785564 867229 780193 937361 1030863 535307 938022 1026839 911618 505465 465970 713558 247249 931824 60123 707689 323596
222478 284382 1038731 651375 325885 562123 221255 1136289 786022 640881 699452 957245 18799 180388 923847 746578 1111260 1139110 110118 787237 988849 307453 229429 609799 205526 347435 738599 941301 1122086 82841 547853 316125
286137 345050 652952 682303 314030 18398 270646 1135613 662516 916754 776113 1151809 129287 441082 734528 472269 731513 265380 439924 519501 1111012 783301 963897 795025 506574 285512 760769 655733 623017 83667 1140959 1012117
365705 240609 873807 1031606 275499 874921 253035 698207 860014 872421 737289 735321 189814 186375 604595 1126226 936031 844023 246928 1031031 216676 1261975 944367 966340 376558 131333 920054 1159812 664649 57552 1038599 167334
324436 259979 874180 624309 282431 874819 215733 1074543 1143 1099356 756604 731345 922726 187787 1241669 1127163 730521 803897 103564 678479 633110 988042 979734 337420 175139 451646 739338 1078116 3658 49864 846596 175720
347461 332758 874630 685509 281259 561736 435561 792969 1036538 917009 734735 1027093 177374 109519 735472 530257 730528 808056 672589 1030547 1106026 686665 1131797 128313 455545 219285 736473 1035770 694691 54317 678778 315108
691792 198692 873985 681426 313662 19385 218350 792923 443483 956695 849422 649641 24240 183526 734880 1127089 731580 286295 842754 1018666 968247 782803 564908 170597 448391 269230 739075 512777 860319 506047 1214842 297200
296062 663716 796307 687329 314052 953242 225392 1077377 798202 1019540 543021 234979 1077146 186177 912934 1237214 11642 989736 841001 586907 879896 1161504 534559 1133252 326848 352832 879066 153014 774137 72003 697246 1141216
295548 330449 874684 1032450 248985 565806 434699 792748 853607 651267 673900 786726 176658 445625 1153182 853248 1029185 278429 605832 1075938 574181 909249 566038 794413 388535 444502 782580 617143 1256766 83200 1037367 307233
286133 379235 796090 687097 311338 854452 212744 598413 785885 712839 748942 513618 740693 180425 929540 1142717 1014848 593892 657259 1030807 735532 1144391 932520 605022 440257 308721 940910 852810 1112763 78309 990938 317842
345217 196509 795948 1105507 304392 787603 261989 1113509 303456 1093437 530947 894789 189660 1237232 1030365 815550 764708 197415 544754 1030406 455856 1231568 840050 1164655 297511 319742 969820 848743 259614 52176 1030454 309057
349891 357636 795788 681179 310846 107042 230190 672501 937477 917147 954579 532557 111984 183769 1130888 1127933 1110575 205474 605104 678955 662335 516465 917226 1031397 674138 249290 522561 1068744 324399 71847 1180573 170783
367814 238568 796271 1031604 325749 635185 300877 660612 671013 944999 775754 804941 181386 180589 1152227 570847 730756 413140 108721 815712 761546 871712 209716 582988 209011 252158 940276 812234 636577 73979 1008685 271004
354166 355212 874414 682854 249252 562290 218406 1030213 1120569 560083 775560 522674 18042 1237710 810834 122800 518675 875798 1006027 707912 975129 551686 535149 170437 628 435201 1108891 541921 824143 59977 1102495 308319
250853 318005 1153670 1032402 313797 917636 227115 1069385 961846 604269 961373 837885 108566 180395 1069853 1114231 255903 983025 694755 937442 735360 874138 818773 941784 216742 378081 712764 898194 527234 71834 242570 306773
365274 328583 787087 940431 229878 874961 309899 788714 797662 1161184 1007026 830916 105418 18180 1152988 735245 524099 417976 804545 991537 324126 643790 1257087 178151 349211 299038 840105 538417 606482 74547 790050 213629
286632 356869 874031 572216 313335 1106121 237268 889012 659282 857770 1084531 1136318 190232 9250 990526 773884 866552 272466 523372 1117156 54898 1031588 216189 942304 453313 471858 522670 1018138 1273454 74388 565816 209139
349532 320440 699531 682663 309973 1084441 225264 513825 581063 1030204 1152628 593076 22221 290817 1030376 1126848 1110500 808152 583685 786961 418381 551580 572023 1030346 1119170 290982 866975 767576 937212 77240 584712 305038
295516 345217 873484 956122 309761 787673 435340 1068359 1016790 1000028 744471 1113456 19588 181788 787533 615565 731567 808553 1120890 1031094 967225 1134089 1008518 872223 435007 782467 940364 925574 711160 76995 956193 272030
347693 456637 796949 651062 229605 916542 235587 507624 679682 651605 1109773 788471 802326 182498 1131066 1127972 721258 953001 118001 657791 662469 868455 565225 1150532 502188 452616 940254 736958 848605 71799 955610 279404
259930 259893 874202 867916 281382 561482 218293 1135795 534443 121989 740984 1152151 184998 183619 783343 815883 1111209 807762 840338 898770 1155161 201405 571740 232413 182692 251562 842777 531628 984098 76746 1183279 279565
204507 356554 1038439 585024 231395 874882 225180 610015 1053076 1119283 980330 1151354 191747 184033 1131414 996646 731399 417602 656701 1030751 735683 1233009 51752 1031152 379192 782607 730640 578709 772600 72187 1161643 175446
222227 238395 1038310 924579 249445 711553 311465 1069421 1019540 1000470 973238 523076 1043124 16403 735616 1127479 730563 417588 599331 698296 918289 527821 963574 1031375 226390 577678 936652 1157117 622072 76723 1242034 387920
260295 356923 777252 1032345 314558 90928 281158 793072 1256967 1087455 574504 945024 22128 174037 799014 567596 864410 635456 1047197 812410 574496 293550 566063 109296 169670 903033 804595 720863 706771 54940 873370 307866
296386 283728 796366 1058352 309421 160670 226251 1104942 215622 816541 749475 919650 185182 24337 1152346 1142431 653397 323594 903191 647544 517636 143992 821035 186144 1034 211839 941030 611218 1072455 78782 584460 208987
286024 319783 934831 526036 314170 918790 343110 260860 689934 690612 1237560 234483 16587 185543 912283 1142139 316992 1120608 1014623 756740 589747 570054 842306 567170 502229 441485 713462 239997 581094 83548 923011 323398
430151 378854 602626 1080901 281402 875814 307927 587196 658958 953673 848878 742485 181777 593869 646767 843216 731508 278768 601295 787426 53148 387061 900573 185827 1210 782196 811982 1113867 884435 53304 646571 296640
435551 355382 796123 682728 311803 566491 237073 661030 607462 917372 724770 694912 1043429 566363 548761 1114828 919209 290609 118780 1003659 185161 208335 343248 491271 615675 285103 1060043 234383 502281 410150 682184 209321
216681 198135 1150303 691160 199761 561099 341512 792234 665757 999407 605173 1190318 118219 128158 923550 1114352 866140 989324 940765 1030258 536143 760522 566036 787039 231758 377533 601577 941700 341947 74986 872773 213362
691056 355967 602720 687978 309507 786959 317988 694517 736435 1237645 1058580 630098 363438 186327 657791 734528 1106606 1166148 1107594 936787 1075771 1217094 839119 103930 271446 998766 1014301 724194 201870 86653 808895 261878
343459 345005 676101 682555 276371 769801 226783 742799 771231 916918 1159066 206955 18873 181251 834220 570553 731285 783343 885878 1056091 687962 917469 1129571 111462 352709 290540 739011 759830 207421 53178 815484 304974
222691 376369 796934 361754 229778 875311 227454 820023 1007131 917473 1098143 1033692 111848 1241401 787318 910709 731459 417609 516104 658517 1181950 834518 818751 185284 502881 135388 1106691 849300 820945 410721 790499 878550
350384 259580 874028 1032535 314009 18987 206347 502630 1007323 1237846 1117105 940417 186548 18731 1153027 678647 1110242 264681 732179 787719 536216 615144 566102 305415 358228 782311 522839 523353 1019475 60829 707734 305813
690839 301469 677697 879539 278233 119603 283512 1079065 736118 917431 946936 893656 21865 566878 591185 853094 225673 418486 522290 940057 264064 363546 523076 1030494 441868 290863 736718 1011451 1230294 76881 789260 308873
302756 284564 796535 1058107 230178 1048238 225596 884302 781695 1000136 794947 884003 105683 26366 1239297 1114676 979235 542371 1137708 787569 660391 681226 970160 172261 134885 379932 601497 714308 669834 60243 872278 185201
350544 345862 812107 1058549 335524 875172 320354 894887 1035972 619711 713727 782311 847484 181777 707609 1127261 731261 865842 746090 543957 1043208 152020 534812 543910 376192 1114234 1114570 963945 1150313 41750 682466 213374
294015 283634 676858 1032080 215321 895289 278850 894076 513963 651279 869793 894433 29227 183574 649184 1114964 797127 305170 943228 1031145 195669 783451 730729 604065 318677 522472 842196 196265 1042918 34256 982641 1012736
741304 345817 677454 1008883 277192 561665 269752 1068329 500008 999360 1137061 830665 110969 182382 916916 525327 866856 364187 584227 1046416 776094 114809 565306 110200 301650 1032408 523489 1210447 862694 83802 671348 266562
334605 238677 1038928 682338 282238 565958 273795 853922 736863 917011 1083497 894515 183793 182564 1149837 815636 1110424 832938 11661 787362 853919 784362 1140783 110118 377775 286056 940345 769169 772927 75039 990191 185076
216404 203594 795800 1031936 281190 1161937 325967 1077438 671504 916920 672382 788118 176855 184300 991005 1238077 730487 45391 748166 787736 802261 1219799 134884 185728 446474 444742 517268 1106365 1096077 383837 913727 304339
