579818 579818 877701 202924 343892 810134 941122 919648 13108 839581 300457 713640 1084338 106784 878214 230106 107608 972421 173843 620466 181572 225990 336439 458441
1161482 23190 1142997 496926 766224 225990 601821 839135 182732 943889 301145 656788 1066089 337144 26226 290507 355744 879931 1262878 1086002 186149 229221 223759 21210
983039 12393 381975 349129 602710 1030607 601941 839673 190067 667853 203673 941191 1066411 209260 877865 291123 181606 976040 1262151 728355 182675 331299 318341 247189
184835 182684 1076190 198859 877532 302808 782449 866980 18956 648789 262463 839476 1065760 314945 757166 223051 302150 451090 249370 1164963 184394 267704 317808 135295
1005552 178662 321875 262769 269419 1082546 781742 941143 23022 776228 301593 941290 920735 207813 855740 259749 446813 741279 1262375 175260 24526 337203 264913 330404
1003330 103564 908285 312209 337899 456779 919578 747124 170474 944444 303434 842789 1186093 26201 967252 317859 221033 222675 1262804 603724 658584 265865 293502 348878
658373 225514 878218 319138 681917 565871 602221 601821 19588 1030339 223181 523498 917441 345525 506707 218668 307206 811123 828457 185243 228152 317499 221874 302612
943163 125694 318461 491867 878657 858240 919402 523076 190381 1128329 301573 523521 536265 356677 230433 267004 221895 267863 1066288 448391 542876 345023 225855 351269
189557 127814 229470 204685 330414 646090 731266 522947 105613 724166 317981 712578 238266 295941 229470 300622 248714 811821 73962 167005 128032 307611 266755 18249
979280 185642 230433 212426 910573 561075 842095 940615 22446 574711 323544 523207 691258 218639 1084288 229871 97313 871713 3300 26672 1237162 318256 229266 376160
802749 231366 492182 199066 333353 646211 656380 941421 170041 1021559 174316 941282 1066278 1058838 874443 300817 182498 585659 732344 525554 734934 273465 265395 27664
880274 177995 877925 265449 835501 565907 601860 839341 118398 700877 320255 940312 1066732 1178845 3084 306919 240585 1054512 280794 180925 24654 211924 304192 297689
541821 118680 947119 331650 613272 564973 919648 601941 348726 776136 300391 522466 1066034 211907 82736 335428 55291 186348 413428 184060 434770 231099 1006269 345493
1017458 182546 775708 316709 202939 221155 940210 842378 181528 842725 317675 970348 700664 313891 516108 229391 228982 472302 1213469 1084077 23310 329006 220976 281807
1155348 837387 317859 337767 326597 990206 969872 940182 225514 840213 264315 941335 690807 456214 3146 219954 245210 823816 180826 12461 183271 217509 264546 309054
97985 1140118 1084288 329384 765933 752029 919552 839141 117889 1237422 286488 523204 1066606 1119430 878530 250730 23023 1042268 1262307 180420 182498 288488 324288 18474
97378 176799 878092 331937 602982 993151 919686 560157 183493 948122 286964 941477 747349 224190 1117140 301573 98104 1035524 328045 26662 175312 317869 248685 348726
97551 184026 700200 203544 877879 918336 919224 940356 176246 747353 285218 940445 795506 235509 987398 476715 302317 665387 81493 946335 182711 266699 290557 296281
977618 126177 300622 318532 326929 646806 866980 839399 23111 560633 301088 522756 691078 480957 775878 296617 1036577 579600 170750 565718 177542 311340 336617 135668
443872 111825 228176 209025 189979 646579 560570 940817 182546 883035 288085 867037 735343 336221 12462 219797 121921 1035289 1262420 25699 978450 266648 327423 286950
302508 107112 492683 353476 624283 225514 560495 560506 105571 649360 294793 523069 1066513 282156 796516 359511 1237162 635123 1066195 185656 182828 318885 230143 261967
979266 125792 947923 497363 187391 735724 842306 523281 128342 669002 301513 941026 1065994 895712 735523 317337 179263 964408 180146 182714 109281 265195 337188 486280
804491 185401 1232929 279709 326572 857470 559846 559863 21969 940339 336641 839878 690912 10877 856031 291207 337619 435068 108321 535539 22898 283658 265718 456368
1083074 126406 878021 203721 252818 857326 920111 839099 105245 830981 453204 840291 728744 225445 908697 301162 127422 803286 105196 982812 791255 310945 267464 287256
1224055 550326 766101 334762 71642 561623 920161 839193 185556 1241835 285054 841690 690975 574353 337007 271519 127328 670702 181322 1147589 19827 223801 356566 459149
996095 1262117 208863 331272 548065 562055 839867 782449 23144 673438 320170 804860 690720 306954 231237 238152 363828 586840 303396 1149161 24377 209357 237430 231099
308498 180443 318152 319587 336857 566131 941265 560685 19051 1240497 434323 560619 1065979 26487 520689 296888 231029 227058 365389 1206741 23561 222857 337561 285279
98027 12823 128589 328705 1240014 323468 583912 941429 107394 782748 297062 839540 1066734 923208 1144348 296823 324229 841538 452979 180707 175112 208919 320654 247344
536571 126375 1143481 233173 250921 912453 919123 560588 112002 968811 342923 940681 691527 219120 756540 285218 182769 1078545 879577 647015 984570 334245 236691 23022
409865 183925 11862 247249 317031 1031151 919451 560495 182033 1046870 342935 941292 1084161 195209 4883 237787 19856 20900 158460 1205040 994860 318325 195847 357642
221772 126569 575348 319888 313294 803071 919925 842618 128283 969696 354349 941326 734880 113456 947119 492160 1237464 1106168 22744 936835 117046 265617 320420 181878
579123 170625 205090 210022 579333 561748 940296 560974 13203 646121 333860 657110 691847 337007 506162 319587 246086 996923 367664 880232 68152 266730 345431 345240
44582 185868 230693 317438 332631 561646 559906 940784 173872 960871 307658 940386 691710 297572 856581 290203 388883 1126202 418878 812577 185744 214520 204901 297434
177053 128531 337117 271071 635641 1127473 920027 920173 18721 1099867 336519 713569 1065753 336146 304030 303792 97944 845007 128087 1151026 435268 229936 336553 296185
451380 127521 735625 336932 877666 219509 560795 839796 22795 1030863 285388 941078 691474 265395 223233 301190 414071 72679 128863 516975 120667 343476 196381 184801
807555 169878 506364 280606 290309 506152 777338 782524 112580 523292 301528 970750 857688 962271 1034790 317827 23490 963832 90886 713876 93170 213807 301414 293922
444787 174856 231237 267884 672791 942029 919354 940210 118001 1073670 477169 940792 1066710 1046559 665474 296689 222159 964298 1066281 798952 1046947 318747 230226 182157
657580 128239 57804 271229 841538 646891 559871 559917 23190 880937 182046 940181 691596 183268 5151 253151 394524 998884 338628 567211 453580 305482 300447 182093
383946 177889 877602 492363 301425 565447 781670 940360 118017 841542 295525 940715 1065673 1106239 53277 1035676 14290 486637 194166 445287 181634 275243 249571 220747
613127 126115 666706 284208 413155 221527 866401 560643 18814 968877 300603 999163 1237464 350062 2970 229035 184905 1078955 1130268 651236 190441 250335 244240 456889
910784 127574 228927 319128 27622 646930 919280 560530 115617 1147597 290560 940446 585306 272582 509394 320831 256926 484711 1219434 12509 642146 330643 320076 246086
1004870 127513 311291 331944 295526 655931 970387 522611 22400 587008 364119 962552 902986 317337 50881 258526 176193 660832 165024 176361 182042 221527 232713 290309
1116703 127101 25835 312485 972744 566351 560530 940456 18941 681917 317337 713607 1065693 691553 908248 296469 303327 585552 1065969 180612 170556 319945 317651 356244
450241 29249 223659 319466 878237 1078388 602130 560053 243479 524856 301055 940500 691532 225028 767052 201817 323381 491835 545747 183473 184806 290066 324155 314564
542137 129256 908697 496841 245953 649173 940795 781547 183317 680611 300837 839380 1025559 345309 4138 237639 13697 51009 757493 184227 186559 265624 198860 222857
308223 30153 878214 336616 297254 837051 919229 839854 118219 1046962 309247 941175 971921 336488 766252 229488 868004 841161 175298 822464 183051 209690 217962 307698
410389 125870 315481 354139 595756 209357 560385 940952 24300 775818 326596 998209 1066081 787536 230975 492320 865157 273109 264862 997235 180600 223163 337574 18772
953686 1126584 908464 332254 921901 1152937 601913 602170 179899 1153826 331071 940412 690855 492289 5068 297515 24300 12222 1262056 881066 185614 319783 229486 287160
984517 918164 336848 332075 326125 562299 560227 1046701 221527 523410 338648 840101 615680 229391 184905 336202 23406 387717 1251353 1163220 93585 264925 228959 25688
1280159 177112 213692 334021 603610 820356 919085 919578 183404 725232 223710 805706 735109 338284 1146495 324305 5675 1251955 327757 1213717 120231 325518 231160 229391
605327 119143 227805 202711 649360 1078584 601445 940335 23119 941367 230693 602221 1066343 829881 787013 491642 134849 973318 1262047 180697 185379 305810 317461 350062
5873 1001435 12125 331392 335282 646767 839632 839611 217323 835787 296721 560944 1083969 280440 653332 233467 314731 1126879 184586 205992 1267537 497419 337927 250335
1080012 452647 877782 271004 679897 953123 731029 523150 550475 1127895 302242 941265 691430 479209 207424 300690 1257515 480653 1261997 27104 218485 343672 491507 259650
182051 1166917 290479 271607 209808 561127 561037 941471 24360 818826 296469 804934 1066872 118179 4514 239854 296617 628778 956367 987696 175168 287635 230693 479302
1170357 166693 856058 297333 326071 565975 839673 941129 185201 746831 296883 866991 794676 491767 349077 338231 27147 29463 126971 17017 182273 317623 336201 301731
627657 126438 729173 497680 790351 1069144 561019 839441 225845 735295 342788 940678 1066725 300690 723476 255082 309854 20323 1092130 184058 571119 267552 259452 332871
874158 186210 908082 245051 972600 266796 805768 839519 112450 824646 288340 522371 1164027 337203 365999 245915 248862 627311 576104 182487 449471 304258 212491 221004
953522 129161 907948 281089 660641 565349 920271 522900 17250 671980 204054 560069 1141394 344891 765943 595244 296840 25624 1066732 1036940 24144 304593 214124 285304
309354 176246 203712 318445 878092 901897 560793 781842 23033 838592 296954 941429 1065998 918327 873711 646121 238357 856114 184448 839594 26295 316279 323858 26555
272839 118468 877410 209021 830202 735891 560784 941164 185868 937363 223530 940720 1084556 424641 716396 318652 236503 896959 292722 265906 186241 295576 288560 217724
1024456 126541 778517 225672 412523 561817 601939 560640 217078 919697 262350 940763 756295 316125 980805 626500 223001 258207 112070 181916 175462 344815 326857 181438
401907 127065 327562 332014 603417 565203 940907 841690 165212 943194 240396 523350 616140 168024 1038645 218725 233517 1267839 363403 1154753 190031 382674 348856 17017
1267052 645115 336230 198085 317576 646761 841987 781939 18886 919856 349294 840224 1058351 196517 878148 812042 492477 892249 1148377 968315 183127 260187 271331 22632
695277 126815 1038439 264378 921642 502841 919865 731270 105062 668993 285080 839918 690995 661062 825269 335737 183225 788302 22487 10531 120448 280440 254248 134787
185366 186078 328533 275708 789873 309808 919836 940256 19260 574421 351225 941381 917289 31162 878237 296121 338159 571390 1262015 962320 170955 308923 196745 287206
520038 111945 230692 203119 757406 280440 560157 940279 134849 842980 348895 842833 1066769 810094 319974 304548 22186 1178582 1261898 1090315 181354 280142 318277 430957
948076 129796 383588 326151 877498 566035 1046701 941456 106527 782321 293657 731691 917360 1136778 966168 355744 196375 205777 151646 181942 303434 229631 280405 216464
551387 106165 800521 345109 312589 561311 523150 602221 181379 787673 286779 712402 1065999 935025 215864 236775 446044 737496 1100304 181098 177581 284434 221724 109742
612855 112393 1035945 297627 878494 824606 839099 941250 285279 560608 286889 805799 1262351 12448 12219 297240 364252 889691 185297 906656 182693 318728 307045 349891
805352 1122707 714564 496822 281224 990887 601385 560324 23180 1153245 284972 601157 917116 323394 319199 304694 24632 1105449 414676 923892 184664 135266 264490 229846
537171 125794 950982 337750 202802 568415 919136 601577 119086 548576 229053 970205 615693 1052707 11911 300770 550680 628860 628060 180732 110410 223935 224039 344685
101314 186335 874095 336438 312758 945066 919514 523249 106031 968963 348008 940529 699403 348505 1035869 267216 178822 1200068 1052200 178711 122072 296249 319295 230119
410003 185859 775944 215482 327609 220705 560875 560674 16126 904884 338579 941116 690728 185556 1059268 237802 183920 485190 1261880 1225736 23631 311774 331686 220447
658619 16804 787113 223954 877640 337203 730581 840178 182093 724245 337493 523031 1092494 294014 286964 308084 23947 351564 22477 128618 414859 290243 557637 336265
170469 125839 318097 297166 358043 564921 941429 601730 23947 1059229 336202 804688 691112 858240 206039 221977 336455 991989 251932 524880 178756 209103 320497 248702
1048922 111550 320317 223305 766156 535024 782689 842274 170814 809722 360923 656992 1066607 185840 28071 319832 262295 604271 800277 603040 306910 272094 237926 291016
101155 456368 219842 261516 363491 912857 941164 840282 105683 549254 229556 941015 1065663 584919 1155193 290300 290457 313067 413714 957779 26311 228941 283645 181923
1130135 178498 317337 197707 31998 691702 730632 940550 118395 562149 135315 804935 691587 329666 706252 237844 97257 838172 31196 178613 356985 225732 329066 286737
439223 182692 460080 293886 766533 561239 962207 560478 18772 839195 496791 713536 1100815 336902 181913 296454 391717 704991 1182914 128656 182881 256489 305018 287238
615829 112290 1155193 331537 646211 1122354 560993 805768 345193 970708 363735 842652 793969 301573 478431 300509 929375 429083 621792 178514 185426 267382 318738 479544
177624 186598 468935 475673 326344 1004219 731270 940302 26959 1047575 238757 1106691 579818 659077 677387 212269 384946 24741 68970 1237464 110808 299523 296858 186093
97107 166757 877647 337817 878626 752118 940547 940766 382581 669282 135070 523137 1130363 228028 57891 318507 28728 1215203 130273 189192 175337 325850 323427 275797
168837 749774 948103 265031 877760 807981 560434 962460 13762 839125 331299 866794 735245 203189 735271 320654 227563 113957 1261913 26449 55564 302808 301528 337203
384514 760705 707127 216527 1095745 221150 559767 839980 106140 634704 301575 941184 611803 235302 683108 363330 97037 841095 413830 620360 126689 304586 205577 354279
384006 178894 50715 271404 651397 955918 602272 842204 179856 839635 308257 969744 691580 363218 4470 246331 269422 772553 141265 635830 363805 337048 196791 16770
971312 792260 204640 279864 317827 1083173 962443 940832 431374 781432 222716 601297 917662 271519 608603 334501 384145 628500 73543 180136 109578 238742 225108 181426
995735 126121 272024 237352 334411 317821 941376 840265 456368 973857 136640 522482 535421 838323 301145 301513 418664 301927 1262432 16894 388012 300215 318282 185662
177164 179314 830980 210670 854693 1031147 842000 941403 266838 966336 333895 940885 579928 889041 666077 297062 390456 762025 30510 23748 69613 299698 230236 295717
1042600 174321 945951 203081 220969 647054 559885 840386 118446 792767 336685 970797 690644 210054 360652 290727 196462 369408 158033 1017429 175127 266796 239061 225028
834954 186446 219018 300679 735051 438301 560588 941240 216464 647950 222931 559900 775959 342789 227288 337054 189062 991485 626648 178256 180256 265213 336519 245059
51752 179432 789963 264978 211019 886003 919768 560037 183937 815059 223515 522303 787008 327619 666182 297131 1155261 306568 293173 945777 129136 308373 317759 185286
177842 186099 877473 196803 326428 647050 560802 560810 181666 1150806 363855 941430 1238045 736516 1142997 229288 235571 972423 173491 183806 252785 317770 293575 134592
409857 174247 644635 198492 808130 1018870 842677 999088 181213 998939 324615 522672 1066800 990657 59887 229354 414547 485024 1066482 186073 180707 309406 348896 226741
408703 186293 348689 353059 647029 691014 919905 560381 112206 648255 287206 867199 1066807 317623 877391 224140 676267 956513 871203 219338 956605 220760 349626 348777
128428 185216 590121 274002 203839 646492 559891 560788 22694 937385 239303 522710 1066853 1037078 666223 838592 23760 991479 1066667 27256 530104 205077 230723 223761
384342 185816 756286 284496 972691 646850 601854 839566 176191 882585 230692 713520 691029 336202 706191 296581 200401 773982 170432 109175 180429 300623 259714 297480
635885 184705 1118317 209678 357487 337208 522334 940310 105375 1130721 287039 941094 735021 242595 899548 493982 28536 977392 1188051 186453 182038 595513 283659 350574
399956 868783 735582 225531 270775 646737 941236 1106683 24333 973217 300923 840105 1084320 739326 40450 320297 204180 14704 811905 793459 183714 317326 329855 181576
843824 189566 22773 207532 324126 502923 1106608 839161 24438 840435 867723 560730 1066192 492295 365758 365761 389880 1158734 184167 965763 164811 264483 312301 18871
386101 112366 284496 209758 789827 857115 919794 560050 186446 818361 350298 940916 690742 244480 547055 306596 345385 532223 875682 182886 170234 317731 309761 13913
